1378 1700

N 1 698399.3274 7460794.721
N 2 698359 7460866
N 3 698277 7460862
N 4 698340 7460773
N 5 698348 7460940
N 6 698271 7460956
N 7 698360 7461009
N 8 698292 7461040
N 9 698392 7461068
N 10 698334 7461110
N 11 698440 7461115
N 12 698392 7461166
N 13 698180.2023 7460835.046
N 14 698268 7460724
N 15 698180 7460983
N 16 698215 7461081
N 17 698268 7461161
N 18 698337 7461224
N 19 698085 7461049
N 20 698026.3875 7460951.632
N 21 698134 7461141
N 22 698097 7460763
N 23 698208 7460647
N 24 697964.8898 7460864.044
N 25 698024 7460690
N 26 698136 7460594
N 27 697911 7460778
N 28 698240 7460527
N 29 698283 7460648
N 30 698344 7460554
N 31 698349 7460646
N 32 698306 7460400
N 33 698377 7460470
N 34 698428 7460583
N 35 698414 7460637
N 36 698450 7460527
N 37 698510 7460616
N 38 698486 7460647
N 39 698507 7460591
N 40 698159 7460447
N 41 698236 7460349
N 42 698060 7460526
N 43 698092 7460371
N 44 698184 7460292
N 45 697999 7460446
N 46 697961 7460614
N 47 697944 7460352
N 48 698023 7460301
N 49 698092 7460272
N 50 697903.3921 7460541.648
N 51 697857 7460474
N 52 697852 7460385
N 53 697883 7460349
N 54 697815.1933 7460609.482
N 55 697803 7460499
N 56 697667 7460567
N 57 697665 7460462
N 58 697763 7460443
N 59 697685 7460674
N 60 697856.803 7460690.733
N 61 697728 7460773
N 62 697790 7460863
N 63 697860 7460948
N 64 697928 7461035
N 65 697988 7461124
N 66 698049 7461209
N 67 697965 7461287
N 68 697894 7461207
N 69 697821 7461123
N 70 697743 7461038
N 71 697664 7460949
N 72 697594 7460851
N 73 697547 7460740
N 74 697518 7460622
N 75 697509 7460503
N 76 697359 7460670
N 77 697335 7460534
N 78 697399 7460806
N 79 697448 7460938
N 80 697536 7461042
N 81 697629 7461133
N 82 697720 7461216
N 83 697805 7461295
N 84 697887 7461374
N 85 697628 7461317
N 86 697525 7461239
N 87 697508.7536 7461533.855
N 88 697473.794 7461631.454
N 89 697353.6105 7461581.721
N 90 697347.7896 7461426.06
N 91 697553 7461431
N 92 697441 7461363
N 93 697413 7461150
N 94 697333.2408 7461300.973
N 95 697252.1731 7461052.975
N 96 697228 7461213
N 97 697196.8704 7461544.481
N 98 697038.0851 7461635.518
N 99 697027.3039 7461502.054
N 100 697167.2773 7461464.321
N 101 697185.0517 7461351.749
N 102 697048.5047 7461365.857
N 103 697234.4628 7460867.017
N 104 697195.9475 7460696.96
N 105 697216 7460551
N 106 697069 7461211
N 107 697090.3947 7461070.685
N 108 697099 7460930
N 109 697098 7460815
N 110 696964 7460812
N 111 696955 7460943
N 112 696943 7461080
N 113 696917 7461224
N 114 696895.0154 7461368.809
N 115 696899.7998 7461502.636
N 116 696829.3619 7461702.607
N 117 696912.2954 7461760.315
N 118 696826.4779 7461812.365
N 119 696807.4275 7461743.854
N 120 696712.2516 7461818.841
N 121 696693 7461714
N 122 696565 7461757
N 123 696615 7461693
N 124 696716.7264 7461634.501
N 125 696600 7461606
N 126 696463.5617 7461656.241
N 127 696418 7461512
N 128 696587 7461491
N 129 696739 7461500
N 130 696750.3813 7461377.664
N 131 696584 7461377
N 132 696351.3096 7461393.462
N 133 696270 7461285
N 134 696330 7461139
N 135 696451 7461222
N 136 696606 7461225
N 137 696771.0434 7461227.126
N 138 696791 7461083
N 139 696643 7461080
N 140 696519.4893 7461062.538
N 141 696374 7460967
N 142 696554 7460940
N 143 696675 7460944
N 144 696812 7460945
N 145 696496 7460818
N 146 696682 7460806
N 147 697016 7460681
N 148 697038 7460538
N 149 696821 7460807
N 150 696852 7460667
N 151 696863 7460519
N 152 696697 7460667
N 153 696652.0401 7460525.22
N 154 696565 7460688
N 155 696504 7460577
N 156 696379.0832 7460672.969
N 157 696291 7460819
N 158 696157 7461173
N 159 696210 7461094
N 160 696234 7460988
N 161 696182.9874 7460905.943
N 162 696112 7461000
N 163 696098 7460931
N 164 696072 7461144
N 165 696101 7461075
N 166 695962.5269 7461130.957
N 167 696000 7461065
N 168 696007 7460998
N 169 695997 7460927
N 170 695880 7461141
N 171 695910 7461065
N 172 695926 7461000
N 173 695831 7461046
N 174 695856 7460966
N 175 695811.6457 7461121.281
N 176 695740 7461116
N 177 695751 7461043
N 178 695757 7460967
N 179 695756 7460890
N 180 695838 7460881
N 181 695758 7460814
N 182 695830 7460803
N 183 695682 7460816
N 184 695674 7460895
N 185 695601 7460810
N 186 695618.5443 7460729.26
N 187 695705 7460735
N 188 695589 7460897
N 189 695670 7460975
N 190 695580 7460987
N 191 695674 7461050
N 192 695601 7461074
N 193 695671 7461118
N 194 695592.6904 7461172.158
N 195 695530.7928 7460697.793
N 196 695514 7460788
N 197 695427.9426 7460757.453
N 198 695449.6169 7460712.747
N 199 695376.2788 7460748.182
N 200 695380.0128 7460687.146
N 201 695297 7460987
N 202 695353 7460984
N 203 695390 7461052
N 204 695276 7461038
N 205 695417 7460926
N 206 695452 7460996
N 207 695504 7461045
N 208 695456 7461119
N 209 695550 7461091
N 210 695510.6322 7461148.407
N 211 695517 7460952
N 212 695498 7460884
N 213 695416.4968 7460800.194
N 214 695412 7460841
N 215 695368 7460821
N 216 695371.5018 7460785.513
N 217 695464 7460815
N 218 695460 7460847
N 219 695322 7460805
N 220 695328.8983 7460776.509
N 221 695216 7461002
N 222 695251 7460961
N 223 695179 7460970
N 224 695221 7460924
N 225 695140 7460932
N 226 695165 7460908
N 227 698963.987 7460772.598
N 228 698960 7460755
N 229 698998 7460747
N 230 699000.4495 7460765.928
N 231 699040 7460739
N 232 699041.9299 7460755.589
N 233 699079 7460728
N 234 699084.0577 7460744.019
N 235 699106 7460696
N 236 699117.1084 7460703.743
N 237 699125 7460659
N 238 699134.8157 7460666.57
N 239 699147.5274 7460619.213
N 240 699156.5594 7460626.217
N 241 699168 7460594
N 242 699173.2632 7460604.513
N 243 699212.525 7460578.903
N 244 699213.116 7460588.044
N 245 699267.6743 7460582.878
N 246 699266.3045 7460590.378
N 247 699309 7460585
N 248 699308.1194 7460595.381
N 249 699355 7460585
N 250 699353.057 7460597.895
N 251 699399 7460588
N 252 699397.124 7460600.973
N 253 699448 7460591
N 254 699446.8787 7460601.486
N 255 699502 7460593
N 256 699501.9636 7460602.153
N 257 699565 7460596
N 258 699563.8496 7460604.821
N 259 699616 7460600
N 260 699614.8268 7460607.718
N 261 699671.5485 7460603.279
N 262 699671.8999 7460611.491
N 263 699724 7460604
N 264 699724.0849 7460614.159
N 265 699775 7460610
N 266 699774.5531 7460620.008
N 267 699826 7460615
N 268 699825.0144 7460624.659
N 269 699891 7460628
N 270 699887.1568 7460637.399
N 271 699959 7460641
N 272 699955.9922 7460651.204
N 273 700018 7460651
N 274 700014.2169 7460662.436
N 275 700074 7460673
N 276 700070.8426 7460682.873
N 277 700099 7460679
N 278 700099.7187 7460689.592
N 279 700117.657 7460673.998
N 280 700123.0723 7460680.439
N 281 700140 7460627
N 282 700153.191 7460630.222
N 283 700185 7460566
N 284 700196.9561 7460572.428
N 285 700223 7460511
N 286 700235.7567 7460515.587
N 287 700257 7460457
N 288 700269.3757 7460466.594
N 289 700288 7460414
N 290 700299.9539 7460421.939
N 291 700326 7460365
N 292 700338.832 7460375.78
N 293 700360 7460318
N 294 700375.2125 7460329.766
N 295 700399 7460267
N 296 700414.664 7460279.501
N 297 700438 7460219
N 298 700455.8835 7460235.933
N 299 700477 7460170
N 300 700489.9535 7460180.651
N 301 700587 7459835
N 302 700516 7459849
N 303 700496 7459757
N 304 700570 7459742
N 305 700481 7459663
N 306 700558 7459648
N 307 700633 7459636
N 308 700643 7459730
N 309 700708 7459627
N 310 700714 7459720
N 311 700443 7459868
N 312 700420 7459776
N 313 700370 7459899
N 314 700341 7459798
N 315 700472 7459567
N 316 700548 7459552
N 317 700625 7459540
N 318 700459 7459469
N 319 700536 7459454
N 320 700438 7459370
N 321 700519 7459356
N 322 700615 7459442
N 323 700602 7459342
N 324 700314 7459695
N 325 700403 7459681
N 326 700328 7459608
N 327 700398 7459586
N 328 700319 7459505
N 329 700387 7459490
N 330 700367 7459400
N 331 700297 7459419
N 332 699887 7459456
N 333 699930.0282 7459382.774
N 334 699945.6944 7459398.393
N 335 699913 7459461
N 336 699976 7459351
N 337 700027 7459368
N 338 700059 7459312
N 339 700086.7243 7459354.272
N 340 700056 7459379
N 341 700080 7459248
N 342 700113 7459142
N 343 700143.1734 7459195.992
N 344 700119.2604 7459239.19
N 345 700154.7347 7459236.343
N 346 700137 7459259
N 347 700233 7459182
N 348 700221 7459228
N 349 700207 7459268
N 350 700288 7459262
N 351 700268 7459304
N 352 700314 7459213
N 353 700342 7459317
N 354 700405 7459265
N 355 700288 7459347
N 356 700499.8829 7459243.844
N 357 700413 7459169
N 358 700491 7459162
N 359 700595.6459 7459228.487
N 360 700338 7459153
N 361 700673 7459226
N 362 700686 7459331
N 363 700696 7459432
N 364 700703 7459531
N 365 700598.6137 7459129.368
N 366 700668.8609 7459108.358
N 367 700417 7459085
N 368 700479 7459074
N 369 700361 7459081
N 370 700359 7458994
N 371 700341 7458997
N 372 700280 7458957
N 373 700333 7458949
N 374 700284 7458912
N 375 700319 7458901
N 376 700382.13 7458939.219
N 377 700359 7458892
N 378 700397 7458870
N 379 700424.9611 7458919.451
N 380 700299 7458806
N 381 700268 7458821
N 382 700233 7458797
N 383 700256 7458775
N 384 700280 7458752
N 385 700338.369 7458789.458
N 386 700783 7459714
N 387 700784 7459623
N 388 700850 7459713
N 389 700859 7459626
N 390 700783 7459528
N 391 700865 7459533
N 392 700937 7459642
N 393 700913 7459723
N 394 700779 7459429
N 395 700863 7459434
N 396 700949 7459547
N 397 700976 7459756
N 398 701023 7459680
N 399 700950 7459447
N 400 701036 7459570
N 401 701037 7459459
N 402 700741.068 7459096.821
N 403 700763 7459217
N 404 700772 7459326
N 405 700859 7459332
N 406 700844.941 7459222.569
N 407 700843.4571 7459111.615
N 408 700868.3383 7459003.048
N 409 700969.1613 7459041.345
N 410 700953 7459142
N 411 700947 7459244
N 412 700947 7459346
N 413 701075 7459106
N 414 701043 7459180
N 415 701034 7459268
N 416 701034 7459361
N 417 701140.2186 7459162.15
N 418 701124 7459203
N 419 701205.1016 7459162.773
N 420 701204 7459211
N 421 701281.9835 7459146.65
N 422 701285.9023 7459201.684
N 423 701164.0105 7459092.367
N 424 701220.5538 7459097.238
N 425 701118 7459283
N 426 701200 7459289
N 427 701283.1957 7459282.788
N 428 701118 7459368
N 429 701198 7459373
N 430 701276.3864 7459384.297
N 431 701303 7459456
N 432 701212 7459453
N 433 701310.5754 7459335.522
N 434 701306.5284 7459375.213
N 435 701125 7459454
N 436 701138.5445 7459538.956
N 437 701222 7459532
N 438 701318.2173 7459542.633
N 439 699524.6928 7457978.512
N 440 699661.7751 7457923.934
N 441 699692 7458035
N 442 699577.4757 7458086.477
N 443 700292 7458123
N 444 700296 7458032
N 445 700359.0049 7458046.592
N 446 700402.3691 7458137.34
N 447 700288 7458217
N 448 700405.4376 7458244.412
N 449 700285 7458316
N 450 700392 7458335
N 451 700210 7458745
N 452 700228 7458722
N 453 700195.026 7458772.112
N 454 700152 7458746
N 455 700161 7458717
N 456 700178.8798 7458698.739
N 457 700100 7458715
N 458 700105 7458683
N 459 700131.1922 7458670.663
N 460 700328.724 7458539.627
N 461 700281.6301 7458632.955
N 462 700206 7458597
N 463 700237 7458506
N 464 700029 7458846
N 465 700080 7458799
N 466 700135 7458852
N 467 700089 7458920
N 468 695277 7460794
N 469 695287 7460769
N 470 695267 7460736
N 471 695296 7460740
N 472 695260 7460761
N 473 695252 7460784
N 474 695295.8746 7460692.633
N 475 695340.6988 7460689.498
N 476 695337.0143 7460742.516
N 477 695078 7460695
N 478 695074.4591 7460700.596
N 479 695045 7460687
N 480 695048 7460682
N 481 695010 7460672
N 482 695013 7460666
N 483 694968.5914 7460653.852
N 484 694971 7460648
N 485 694921.5451 7460633.59
N 486 694925 7460628
N 487 694875.4047 7460613.481
N 488 694879.1312 7460607.193
N 489 694832.6191 7460595.165
N 490 694836.6595 7460587.862
N 491 694779.9043 7460571.695
N 492 694782.8329 7460565.421
N 493 694740.5389 7460554.358
N 494 694743.9279 7460548.493
N 495 694578 7460436
N 496 694574 7460442
N 497 694530 7460414
N 498 694534 7460407
N 499 694483 7460383
N 500 694487 7460377
N 501 694440 7460355
N 502 694444 7460348
N 503 694402 7460330
N 504 694406 7460324
N 505 694376 7460304
N 506 694367 7460307
N 507 694356 7460289
N 508 694369 7460287
N 509 694354 7460267
N 510 694378 7460268
N 511 694397 7460268
N 512 694388 7460285
N 513 694337 7460286
N 514 694335 7460265
N 515 694352 7460247
N 516 694382 7460248
N 517 694317 7460248
N 518 694416 7460255
N 519 694417 7460279
N 520 694313 7460284
N 521 694279 7460279
N 522 694276 7460245
N 523 694245 7460278
N 524 694236 7460244
N 525 694220 7460294
N 526 694194 7460249
N 527 694188 7460199
N 528 694235 7460204
N 529 694276 7460211
N 530 694315 7460216
N 531 694197 7460149
N 532 694243 7460164
N 533 694226 7460104
N 534 694267.4907 7460126.985
N 535 694261.4123 7460072.439
N 536 694297 7460098
N 537 694351 7460219
N 538 694386 7460224
N 539 694421 7460229
N 540 694454 7460259
N 541 694451 7460279
N 542 694458 7460236
N 543 694283 7460177
N 544 694297 7460147
N 545 694349 7460125
N 546 694317 7460123
N 547 694344 7460091
N 548 694284.8955 7460057.382
N 549 694321 7460185
N 550 694333 7460155
N 551 694356 7460193
N 552 694377 7460146
N 553 694363 7460167
N 554 694388 7460201
N 555 694390 7460178
N 556 694414 7460173
N 557 694423 7460203
N 558 694461 7460189
N 559 694461 7460212
N 560 694491 7460267
N 561 694489 7460289
N 562 694496 7460244
N 563 694501 7460219
N 564 694504 7460198
N 565 694525 7460280
N 566 694521 7460306
N 567 694534 7460253
N 568 694543 7460224
N 569 694547 7460196
N 570 694556.955 7460297.427
N 571 694570.65 7460264.5
N 572 694587.94 7460228.5
N 573 694586.6457 7460195.762
N 574 694604.8585 7460179.497
N 575 694631.6038 7460208.518
N 576 694601.8168 7460370.706
N 577 694563.59 7460340.4
N 578 694588.82 7460312.8
N 579 694623.4505 7460332.31
N 580 694607.2616 7460276.348
N 581 694643.5756 7460290.289
N 582 694614.8677 7460250.906
N 583 694647.54 7460246.9
N 584 694537.19 7460332.9
N 585 695096.5251 7460702.647
N 586 695093.0926 7460709.108
N 587 695112.4065 7460709.744
N 588 695108.6056 7460715.931
N 589 695127.5085 7460726.028
N 590 695132.3878 7460717.597
N 591 695140.5171 7460716.704
N 592 695137.1799 7460728.64
N 593 695133.185 7460738.567
N 594 695122.4622 7460735.379
N 595 695150.6437 7460732.353
N 596 695145.533 7460740.625
N 597 695157.1546 7460720.772
N 598 695150.9524 7460710.366
N 599 695161.6327 7460712.372
N 600 695163.6067 7460737.891
N 601 695178 7460744
N 602 695167 7460757
N 603 695149 7460753
N 604 695176.2213 7460709.948
N 605 695185 7460694
N 606 695198 7460702
N 607 695192.2891 7460715.25
N 608 695195 7460750
N 609 695186 7460763
N 610 695186 7460730
N 611 695202 7460736
N 612 695211 7460724
N 613 695213 7460708
N 614 695227.3606 7460728.498
N 615 695219 7460742
N 616 695214 7460755
N 617 695207 7460771
N 618 695235 7460756
N 619 695227 7460778
N 620 695271 7460702
N 621 695065.0101 7460806.791
N 622 695072.1734 7460785.367
N 623 695087 7460791
N 624 695081 7460808
N 625 695098 7460800
N 626 695093 7460824
N 627 695103 7460776
N 628 695118 7460785
N 629 695094.8571 7460767.513
N 630 695116.6206 7460743.087
N 631 695129.1725 7460747.117
N 632 695118 7460763
N 633 695108.3877 7460752.437
N 634 695134 7460772
N 635 695170.4696 7460723.936
N 636 695068 7460838
N 637 695103 7460860
N 638 695077 7460868
N 639 695132 7460876
N 640 695103 7460903
N 641 698535 7460874
N 642 698484 7460868
N 643 698510 7460815
N 644 698558 7460828
N 645 698516 7460917
N 646 698468 7460919
N 647 698504 7460951
N 648 698468 7460963
N 649 698426 7460867
N 650 698457 7460802
N 651 698413 7460928
N 652 698418 7460984
N 653 698529 7460968
N 654 698492 7461001
N 655 698444 7461032
N 656 698483 7461071
N 657 698523 7461032
N 658 698558 7460996
N 659 698498 7461150
N 660 698532 7461099
N 661 698566 7461173
N 662 698586 7461117
N 663 698623.4851 7461174.419
N 664 698648 7461116
N 665 698700.0096 7461115.02
N 666 698678.5443 7461177.742
N 667 698668 7461063
N 668 698716.5065 7461058.751
N 669 698678 7461009
N 670 698732.5853 7460999.838
N 671 698610 7461069
N 672 698627 7461032
N 673 698593 7461017
N 674 698563 7461055
N 675 700182 7458289
N 676 700182 7458191
N 677 700189.41 7458086.859
N 678 700206 7458007
N 679 699771 7458299
N 680 699693 7458341
N 681 699653 7458261
N 682 699742 7458217
N 683 700108 7458066
N 684 700125 7457946
N 685 700093 7458260
N 686 700098 7458167
N 687 700012 7458250
N 688 700011 7458158
N 689 699929.5262 7458248.661
N 690 699921 7458165
N 691 699850 7458267
N 692 699831 7458184
N 693 700012 7458060
N 694 699914 7458070
N 695 699815 7458093
N 696 700002.0577 7457861.111
N 697 700007.4188 7457954.727
N 698 699909 7457969
N 699 699896.227 7457877.604
N 700 700111.0401 7457889.969
N 701 699613.0332 7458170.893
N 702 699715 7458129
N 703 699785 7457892
N 704 699803 7457996
N 705 694712.6441 7460542.106
N 706 694715.5118 7460535.588
N 707 694688.5996 7460505.901
N 708 694693 7460501
N 709 694671.2177 7460484.269
N 710 694677.5663 7460473.423
N 711 694639.5639 7460475.395
N 712 694642 7460467
N 713 694609 7460465
N 714 694613 7460458
N 715 698932.2076 7460779.935
N 716 698927 7460763
N 717 698904.3083 7460787.939
N 718 698902 7460764
N 719 698866.5077 7460794.275
N 720 698864 7460771
N 721 698878 7460752
N 722 698905 7460751
N 723 698902 7460733
N 724 698909 7460735
N 725 698900.2941 7460798.611
N 726 698891 7460801
N 727 698908 7460812
N 728 698904 7460815
N 729 698827.8593 7460799.457
N 730 698825 7460780
N 731 698797.4181 7460804.46
N 732 698794 7460787
N 733 698755.9152 7460814.311
N 734 698753 7460794
N 735 698592 7460836
N 736 698581 7460888
N 737 698555 7460933
N 738 698590 7460960
N 739 698615 7460923
N 740 698629 7460985
N 741 698652 7460949
N 742 698695 7460966
N 743 698737.7579 7460968.969
N 744 698369.6975 7461573.136
N 745 698359.9444 7461580.407
N 746 698347.8144 7461563.088
N 747 698358.6714 7461553.179
N 748 698371.6341 7461550.447
N 749 698377.1454 7461558.95
N 750 698331.6322 7461556.354
N 751 698349.3892 7461538.916
N 752 698346.6446 7461581.293
N 753 698339.792 7461571.486
N 754 698377.5915 7461537.521
N 755 698324.1483 7461571.486
N 756 698329.5256 7461585.839
N 757 698404.8645 7461549.646
N 758 698377.5915 7461510.319
N 759 698418.725 7461539.441
N 760 698333.5515 7461520.421
N 761 698306.9117 7461541.358
N 762 698308.742 7461600.639
N 763 698290.4541 7461573.086
N 764 698410 7461468
N 765 698449.8814 7461516.553
N 766 698342.101 7461454.296
N 767 698384.1738 7461438.713
N 768 698300.1645 7461480.433
N 769 698271.6547 7461504.604
N 770 698234.0491 7461541.33
N 771 698269.5958 7461647.868
N 772 698239.2199 7461614.782
N 773 698208.1953 7461577.114
N 774 698440 7461423
N 775 698491.9699 7461472.958
N 776 698372 7461384
N 777 698312.5414 7461390.631
N 778 698250.2277 7461415.055
N 779 698197.848 7461461.189
N 780 698158.1183 7461516.207
N 781 698138 7461579
N 782 698176 7461644
N 783 698223.8145 7461697.354
N 784 698470 7461363
N 785 698543.1931 7461402.94
N 786 698646.0534 7461243.25
N 787 698606 7461220
N 788 698465 7461207
N 789 698553 7461246
N 790 698507 7461303
N 791 698585.8281 7461339.727
N 792 698620.9665 7461286.696
N 793 698423 7461264
N 794 698383 7461323
N 795 698279 7461297
N 796 698182 7461345
N 797 698173.7832 7461737.062
N 798 698107.4945 7461666.443
N 799 698062.6405 7461589.097
N 800 698053.1027 7461495.35
N 801 698112 7461411
N 802 698197 7461222
N 803 698113 7461284
N 804 698027.3918 7461355.761
N 805 697968.4002 7461449.616
N 806 697722 7461388
N 807 697809 7461455
N 808 697656 7461493
N 809 697755 7461552
N 810 697604.5854 7461597.539
N 811 697838.5638 7461584.303
N 812 697890 7461510
N 813 697712.1117 7461654.268
N 814 697570.6711 7461683.352
N 815 697693.9617 7461742.262
N 816 697658.9859 7461810.346
N 817 697551.6417 7461756.01
N 818 697454.7646 7461728.331
N 819 697358.8192 7461708.268
N 820 700921 7459788
N 821 700857.5161 7459800.341
N 822 700931.2208 7459871.393
N 823 700877.2492 7459878.693
N 824 701317.082 7459723.665
N 825 701322 7459742
N 826 701298 7459754
N 827 701291 7459732
N 828 701316 7459771
N 829 701329 7459754
N 830 701344.8336 7459783.676
N 831 701337.182 7459803.199
N 832 701294 7459792
N 833 701268 7459767
N 834 701289.4739 7459711.052
N 835 701260 7459732
N 836 701274.2001 7459691.827
N 837 701309.0911 7459678.66
N 838 701310.7856 7459698.311
N 839 701308.6531 7459656.334
N 840 701240.6681 7459668.404
N 841 701220 7459733
N 842 701231 7459786
N 843 701318.8199 7459842.109
N 844 701268 7459819
N 845 701229 7459603
N 846 701302.5356 7459610.95
N 847 701287.4378 7459875.25
N 848 701229.1789 7459850.074
N 849 701163.0944 7459817.186
N 850 701167 7459750
N 851 701163 7459679
N 852 701158 7459610
N 853 701094 7459689
N 854 701098 7459622
N 855 701108 7459765
N 856 701053.2196 7459797.897
N 857 700997.7675 7459825.539
N 858 699458.0405 7458143.438
N 859 699399 7458049
N 860 699360 7458218
N 861 699290 7458126
N 862 699021.4331 7458435.47
N 863 699116 7458489
N 864 699056 7458584
N 865 698965.4305 7458536.736
N 866 699009 7458684
N 867 698916.5875 7458650.614
N 868 698971 7458784
N 869 698880.1431 7458763.985
N 870 698941 7458882
N 871 698853.4884 7458867.625
N 872 698924 7458978
N 873 698841.705 7458973.354
N 874 698925 7459075
N 875 698835.8133 7459081.04
N 876 698934 7459171
N 877 698841.705 7459188.726
N 878 698949.619 7459280.422
N 879 698854.9194 7459301.466
N 880 698975 7459379
N 881 698873.98 7459401.828
N 882 699012.7556 7459499.841
N 883 698898.396 7459526.692
N 884 699516 7458230
N 885 699425 7458298
N 886 699204 7458543
N 887 699148 7458632
N 888 699101 7458723
N 889 699063 7458813
N 890 699034 7458900
N 891 699011 7458983
N 892 699021 7459067
N 893 699036 7459155
N 894 699056 7459246
N 895 699085 7459356
N 896 699111.7646 7459475.658
N 897 699188 7459331
N 898 699231 7459443
N 899 699158 7459221
N 900 699135 7459132
N 901 699114 7459048
N 902 699108 7458973
N 903 699116 7458915
N 904 699143 7458848
N 905 699187 7458767
N 906 699233 7458683
N 907 699284 7458600
N 908 699343 7458520
N 909 699268 7458457
N 910 699187 7458395
N 911 699098.9113 7458330.196
N 912 699410 7458443
N 913 699342 7458374
N 914 699270 7458303
N 915 699189.8374 7458221.084
N 916 700039 7458640
N 917 700080 7458596
N 918 700026 7458700
N 919 700152.5462 7458656.644
N 920 700141 7458579
N 921 700102 7458729
N 922 700043 7458752
N 923 700128 7458746
N 924 700176.1606 7458775.664
N 925 700182.4999 7458679.749
N 926 700232.4385 7458711.693
N 927 699976 7458780
N 928 699937 7458706
N 929 699972 7458644
N 930 699989.2023 7458555.995
N 931 700040 7458530
N 932 700141 7458484
N 933 699941.329 7458590.707
N 934 699566 7458313
N 935 699615 7458390
N 936 699484 7458374
N 937 700380.8893 7458435.614
N 938 700264 7458414
N 939 700173 7458383
N 940 700085 7458345
N 941 700013 7458337
N 942 699947.9364 7458335.076
N 943 699869 7458341
N 944 699805 7458376
N 945 699736 7458417
N 946 699665 7458464
N 947 699297 7459303
N 948 699338 7459411
N 949 699257 7459191
N 950 699234 7459106
N 951 699213 7459024
N 952 700084 7458422
N 953 700022 7458408
N 954 699963 7458409
N 955 699895 7458417
N 956 699848 7458446
N 957 699784 7458489
N 958 699541 7458446
N 959 699716 7458534
N 960 699227 7458885
N 961 699268 7458817
N 962 699313 7458737
N 963 699361 7458658
N 964 699414 7458581
N 965 699473 7458509
N 966 699398 7459269
N 967 699446 7459374
N 968 699353 7459165
N 969 699332 7459076
N 970 699318 7458993
N 971 699398 7458798
N 972 699355 7458877
N 973 699435 7458715
N 974 699482 7458640
N 975 699533 7458571
N 976 699597 7458514
N 977 699650 7458580
N 978 699494 7459237
N 979 699555 7459333
N 980 699450 7459139
N 981 699432 7459051
N 982 699416 7458957
N 983 699468 7458852
N 984 699509 7458768
N 985 699550 7458693
N 986 699600 7458631
N 987 699898 7458520
N 988 699834 7458561
N 989 699766 7458605
N 990 699590.3283 7459199.903
N 991 699651 7459283
N 992 699559.0286 7459109.299
N 993 699550 7459033
N 994 699564 7458874
N 995 699539 7458956
N 996 699596 7458806
N 997 699629 7458737
N 998 699698 7458649
N 999 699666 7458691
N 1000 699879 7458636
N 1001 699679 7459145
N 1002 699745 7459230
N 1003 699743 7458726
N 1004 699816 7458676
N 1005 699863 7458754
N 1006 699770 7459083
N 1007 699841 7459168
N 1008 699848 7459015
N 1009 699922 7459104
N 1010 699688 7459016
N 1011 699747 7458946
N 1012 699907 7458956
N 1013 699976 7459047
N 1014 699905 7458817
N 1015 699832.4486 7458869.233
N 1016 699965 7458904
N 1017 700039.0388 7458986.304
N 1018 698705.4561 7460824.138
N 1019 698699.9776 7460806.92
N 1020 698673.7593 7460839.791
N 1021 698664.5464 7460814.337
N 1022 698652 7460848
N 1023 698639 7460821
N 1024 698682.276 7460857.692
N 1025 698670 7460871
N 1026 698703.6382 7460872.131
N 1027 698688.4443 7460892.05
N 1028 698719.1715 7460888.744
N 1029 698712.4298 7460911.533
N 1030 698732.9474 7460906.456
N 1031 698733.8143 7460924.21
N 1032 698614 7460829
N 1033 698621 7460867
N 1034 698644 7460895
N 1035 698673 7460917
N 1036 698705.6503 7460935.948
N 1037 698737.7579 7460950.436
N 1038 700505.393 7460144.175
N 1039 700515.4288 7460151.316
N 1040 700517.8378 7460121.376
N 1041 700537.7955 7460124.114
N 1042 700488 7460085
N 1043 700517 7460073
N 1044 700548 7460069
N 1045 700555.9222 7460116.447
N 1046 700447 7460045
N 1047 700499.8746 7460027.809
N 1048 700407 7459995
N 1049 700471 7459952
N 1050 700541 7459937
N 1051 700571 7460023
N 1052 700605.1428 7459928.741
N 1053 700622.7393 7460019.116
N 1054 700796.5806 7459806.586
N 1055 700656 7459822
N 1056 700723 7459812
N 1057 700674.425 7459916.89
N 1058 700816.87 7459894.344
N 1059 700740.0609 7459910.509
N 1060 700036 7459438
N 1061 700072 7459391
N 1062 700092.3194 7459385.509
N 1063 700049 7459448
N 1064 700016 7459327
N 1065 699991 7459321
N 1066 700036 7459278
N 1067 700051 7459239
N 1068 700110 7459299
N 1069 695156.0508 7460702.043
N 1070 695149.7915 7460702.292
N 1071 695146.1931 7460693.344
N 1072 695153 7460685
N 1073 695164 7460682
N 1074 695158 7460663
N 1075 695169 7460664
N 1076 695175 7460679
N 1077 695144 7460674
N 1078 695060 7460601
N 1079 695057 7460622
N 1080 695041 7460614
N 1081 695041 7460601
N 1082 695123.3584 7460713.517
N 1083 695134.494 7460710.401
N 1084 695113.1812 7460731.421
N 1085 695118.9115 7460721.613
N 1086 695127.2767 7460724.838
N 1087 695119.4045 7460720.621
N 1088 695122.7783 7460714.366
N 1089 695131.0253 7460717.81
N 1090 695147.1577 7460707.12
N 1091 700400.2508 7459001.818
N 1092 700545 7459047
N 1093 700506 7458970
N 1094 700548.5125 7458944.161
N 1095 700589.8712 7459019.951
N 1096 700455 7458996
N 1097 700464 7458900
N 1098 700431 7458829
N 1099 700474.8428 7458842.153
N 1100 700500 7458875
N 1101 700365 7458826
N 1102 700391.689 7458802.185
N 1103 700354.1397 7458783.842
N 1104 700332 7458845
N 1105 700295 7458852
N 1106 700272 7458865
N 1107 695713.6455 7461171.129
N 1108 695679 7461161
N 1109 695650 7461201
N 1110 695684 7461220
N 1111 695944 7460954
N 1112 695912 7460925
N 1113 695915.3245 7460860.602
N 1114 695894 7460789
N 1115 695835 7460725
N 1116 695883.56 7460741.848
N 1117 695763 7460738
N 1118 695135 7460662
N 1119 695146 7460654
N 1120 695159 7460644
N 1121 695136 7460679
N 1122 695127 7460668
N 1123 695135 7460643
N 1124 695149 7460628
N 1125 695123 7460653
N 1126 695115 7460661
N 1127 695101 7460653
N 1128 695109 7460644
N 1129 695117 7460631
N 1130 695130 7460613
N 1131 695101 7460621
N 1132 695117 7460604
N 1133 695093 7460634
N 1134 695084 7460645
N 1135 695068 7460634
N 1136 695074 7460624
N 1137 695082 7460611
N 1138 695095 7460598
N 1139 695065 7460589
N 1140 695107 7460592
N 1141 695232 7460709
N 1142 695244.7151 7460732.837
N 1143 695250 7460706
N 1144 695168.4577 7460699.671
N 1145 695179 7460687
N 1146 699204 7458960
N 1147 699299 7458934
N 1148 699623 7459078
N 1149 699778 7458804
N 1150 699679 7458898
N 1151 699618 7458978
N 1152 699691 7458761
N 1153 699691 7458822
N 1154 699202 7458924
N 1155 699947 7458494
N 1156 700000 7458472
N 1157 701208.1848 7459885.427
N 1158 701198.0498 7459919.108
N 1159 701169.0323 7459911.976
N 1160 701171.8678 7459874.481
N 1161 701120.3484 7459900.584
N 1162 701118.7643 7459855.829
N 1163 701061.2277 7459893.006
N 1164 701056.747 7459859.694
N 1165 701002.8418 7459916.684
N 1166 700980.9925 7459889.638
N 1167 701254.2286 7459901.544
N 1168 700951.5638 7459950.455
N 1169 697116.0474 7461716.526
N 1170 697089.3549 7461751.331
N 1171 696997.7031 7461701.604
N 1172 697156.1242 7461752.941
N 1173 697138.3863 7461782.619
N 1174 697033.8891 7461794.788
N 1175 696894.4248 7461625.594
N 1176 696962.1433 7461569.826
N 1177 696809.0299 7461559.894
N 1178 697769.8826 7461994.98
N 1179 697775.6664 7461978.757
N 1180 697787.7984 7461979.321
N 1181 697789.6323 7461996.108
N 1182 697777.6414 7461966.766
N 1183 697788.2216 7461967.189
N 1184 697778.5161 7461954.223
N 1185 697788.3691 7461955.149
N 1186 697779.3845 7461940.949
N 1187 697789.6048 7461941.864
N 1188 697779.9633 7461929.407
N 1189 697791.3632 7461929.786
N 1190 697780.8678 7461919.744
N 1191 697793.4494 7461915.4
N 1192 697446.1148 7461806.178
N 1193 697364.8072 7461797.529
N 1194 697539.8927 7461836.596
N 1195 697635.0398 7461869.465
N 1196 697695.2005 7461837.187
N 1197 697674.811 7461883.191
N 1198 697440.3303 7461886.998
N 1199 697354.999 7461868.008
N 1200 697527.0061 7461903.264
N 1201 697611.3831 7461917.042
N 1202 697437.4651 7461946.304
N 1203 697359.0574 7461944.883
N 1204 697517.307 7461952.708
N 1205 697435.3434 7462009.992
N 1206 697383.6223 7462001.251
N 1207 697509.9167 7462021.119
N 1208 697594.4899 7461959.314
N 1209 697577.793 7462006.024
N 1210 697660.8603 7461920.637
N 1211 697655.4101 7461973.149
N 1212 697780.718 7461909.859
N 1213 697796.4936 7461895.349
N 1214 697731.4229 7461861.946
N 1215 697710.1844 7461899.445
N 1216 697696.4745 7461930.822
N 1217 697683.3116 7461962.528
N 1218 698054.9061 7461695.417
N 1219 698021.6924 7461652.646
N 1220 698124.7496 7461765.383
N 1221 697729.0375 7461797.263
N 1222 697747.4576 7461842.725
N 1223 697776.0713 7461894.308
N 1224 697790.3114 7461879.967
N 1225 697765.8003 7461927.073
N 1226 697758.7893 7461911.228
N 1227 697752.5112 7461941.5
N 1228 697743.437 7461926.47
N 1229 697740.6367 7461952.413
N 1230 697732.5198 7461943.815
N 1231 697717.8081 7461962.528
N 1232 697810.6881 7461869.957
N 1233 697816.299 7461882.322
N 1234 697831.0647 7461861.124
N 1235 697836.6757 7461873.195
N 1236 697852.8563 7461853.849
N 1237 697852.8563 7461868.649
N 1238 697880.1717 7461850.889
N 1239 697870.0769 7461863.321
N 1240 697700.0526 7461965.563
N 1241 697715.7789 7461935.723
N 1242 697731.1319 7461910.573
N 1243 697748.1666 7461888.16
N 1244 697762.3554 7461873.025
N 1245 697784.5676 7461857.105
N 1246 697804.8099 7461846.179
N 1247 697826.7284 7461838.161
N 1248 697854.6377 7461833.128
N 1249 697887.0168 7461837.018
N 1250 697777.9654 7461825.371
N 1251 697777.2798 7461777.532
N 1252 697802.753 7461820.618
N 1253 697831.2957 7461815.436
N 1254 697811.9153 7461772.599
N 1255 697838.9252 7461772.836
N 1256 697859.0018 7461811.571
N 1257 697901.2521 7461815.368
N 1258 697869.9742 7461777.222
N 1259 697908.8527 7461780.796
N 1260 697940.9017 7461785.089
N 1261 697927.6487 7461807.52
N 1262 697128.3822 7461797.927
N 1263 697160.0209 7461789.041
N 1264 697140.0765 7461818.789
N 1265 697160.697 7461822.507
N 1266 697158.2767 7461861.817
N 1267 697139.4507 7461858.884
N 1268 697780.7969 7461733.268
N 1269 697818.012 7461733.268
N 1270 697848.4607 7461737.765
N 1271 697882.2926 7461742.262
N 1272 697920.6354 7461749.008
N 1273 697960.942 7461755.508
N 1274 697986.3848 7461768.858
N 1275 697970.7499 7461796.261
N 1276 698050.5421 7461769.382
N 1277 698011.8275 7461736.818
N 1278 697982.9588 7461721.496
N 1279 697941.426 7461702.315
N 1280 697903.361 7461686.087
N 1281 697861.8492 7461672.737
N 1282 697782.9148 7461667.671
N 1283 697824.2659 7461665.533
N 1284 697930.3548 7461605.736
N 1285 697975.093 7461628.026
N 1286 697892.2855 7461597.244
N 1287 697928.9709 7461532.612
N 1288 697966.3363 7461557.447
N 1289 697999.55 7461578.142
N 1290 701349.047 7459767.123
N 1291 701332.6478 7459663.094
N 1292 701328.3732 7459679.96
N 1293 701342.6678 7459673.189
N 1294 701345.3272 7459686.96
N 1295 701329.2951 7459700.735
N 1296 701344.0615 7459701.681
N 1297 701331.1594 7459720.572
N 1298 701334.9302 7459734.303
N 1299 701339.7302 7459746.083
N 1300 701352.22 7459757.119
N 1301 701343.8281 7459719.834
N 1302 701348.0315 7459736.549
N 1303 701355.7452 7459748.085
N 1304 701346.7567 7459732.054
N 1305 701351.6968 7459731.248
N 1306 701352.1519 7459735.645
N 1307 701356.8785 7459730.512
N 1308 701356.9491 7459735.666
N 1309 701360.3382 7459730.229
N 1310 701360.55 7459735.807
N 1311 701363.4449 7459730.017
N 1312 701363.5862 7459735.737
N 1313 701366.8341 7459729.947
N 1314 701366.7635 7459735.878
N 1315 701370.5763 7459729.664
N 1316 701370.7175 7459736.16
N 1317 701374.2479 7459729.382
N 1318 701374.4182 7459736.744
N 1319 701378.2019 7459728.323
N 1320 701378.7403 7459737.626
N 1321 701090.3222 7460021.223
N 1322 701105.2471 7460019.801
N 1323 701111.8857 7460043.214
N 1324 701098.6693 7460046.149
N 1325 701125.3387 7460065.842
N 1326 701111.4691 7460071.671
N 1327 701138.4055 7460089.151
N 1328 701123.4371 7460096.501
N 1329 701152.5319 7460107.515
N 1330 701134.5208 7460118.816
N 1331 701171.5218 7460126.49
N 1332 701146.2857 7460142.02
N 1333 701193.5225 7460144.285
N 1334 701156.3155 7460168.874
N 1335 700929.7419 7460106.113
N 1336 700935.2995 7460135.553
N 1337 700922.6627 7460139.837
N 1338 700914.1066 7460106.541
N 1339 700941.6941 7460169.667
N 1340 700927.9504 7460173.176
N 1341 700946.0803 7460193.353
N 1342 700932.9215 7460196.277
N 1343 700953.4449 7460217.401
N 1344 700935.8857 7460221.242
N 1345 700964.4193 7460239.35
N 1346 700934.7883 7460245.386
N 1347 698376.4361 7461582.18
N 1348 698372.7107 7461587.57
N 1349 698390.1551 7461592.533
N 1350 698386.7329 7461597.35
N 1351 698403.717 7461605.461
N 1352 698400.6751 7461609.644
N 1353 698416.5184 7461617.249
N 1354 698413.0962 7461620.037
N 1355 698428.9395 7461625.741
N 1356 698426.2779 7461628.783
N 1357 698439.3167 7461632.245
N 1358 698436.2459 7461635.906
N 1359 698446.9223 7461636.813
N 1360 698444.1383 7461641.027
N 1361 698453.6671 7461640.953
N 1362 698449.8351 7461645.821
N 1363 698460.8133 7461644.474
N 1364 698454.9099 7461651.828
N 1365 697157.5144 7461893.59
N 1366 697139.0355 7461890.611
N 1367 697155.5775 7461919.337
N 1368 697138.502 7461916.98
N 1369 697154.9318 7461945.084
N 1370 697137.4874 7461943.279
N 1371 697154.9318 7461968.9
N 1372 697138.0209 7461964.452
N 1373 697155.5775 7461994.647
N 1374 697138.0209 7461991.257
N 1375 697155.8376 7462017.503
N 1376 697134.9299 7462012.967
N 1377 697148.5355 7462030.561
N 1378 697138.2831 7462050.64
N 1379 697116.7836 7462036.241
N 1380 697127.4347 7462080.029
N 1381 697094.298 7462058.332
N 1382 700889.6787 7460041.527
N 1383 700867.4954 7460030.302
N 1384 700860.8742 7460017.989
N 1385 700895.1773 7460011.964
N 1386 700932.7474 7460009.771
N 1387 700943.6637 7460049.783
N 1388 700825.9413 7460045.08
N 1389 700820.1366 7460027.589
N 1390 700803.4595 7460055.918
N 1391 700794.2126 7460037.189
N 1392 701071.7336 7459979.412
N 1393 701041.637 7459985.531
N 1394 701027.4405 7459960.714
N 1395 701068.8458 7459952.793
N 1396 701121.5325 7459958.126
N 1397 701117.1913 7459981.629
N 1398 701158.9165 7459966.824
N 1399 701151.5222 7459991.109
N 1400 701186.5767 7459971.907
N 1401 701184.8743 7459999.729
N 1402 701007.8644 7459992.324
N 1403 700989.2895 7459965.298
N 1404 700951.0451 7460011.923
N 1405 700969.474 7459990.98
N 1406 700984.8885 7460000.452
N 1407 700957.4656 7460026.56
N 1408 700892.9624 7459986.714
N 1409 700931.9798 7459988.452
N 1410 700888.1175 7459949.724
N 1411 700755.6971 7460052.696
N 1412 700764.3139 7460071.132
N 1413 700599.6277 7460082.276
N 1414 700586.2042 7460110.344
N 1415 700631.6707 7460105.307
N 1416 700742.7679 7460084.886
N 1417 700725.3291 7460063.034
N 1418 700668.0703 7460052.767
N 1419 700691.0654 7459993.943
N 1420 700751.6604 7459973.803
N 1421 700828.9458 7459952.132
N 1422 700851.986 7459992.883
N 1423 700701.6701 7460079.145
N 1424 700676.8667 7460110.114
N 1425 700712.7974 7460099.077
N 1426 700712.7374 7460032.758
N 1427 700745.3275 7460025.374
N 1428 700781.621 7460012.82
N 1429 700810.9495 7460005.796
N 1430 701109.5114 7460000.373
N 1431 701080.3723 7460000.018
N 1432 700932.9546 7460076.127
N 1433 700899.1139 7460074.414
N 1434 701226.2053 7459979.791
N 1435 700994.6724 7459941.991
N 1436 701022.5812 7459938.474
N 1437 701064.3596 7459929.942
N 1438 701119.922 7459933.968
N 1439 701161.8193 7459942.462
N 1440 701191.1099 7459947.842
N 1441 701233.8176 7459956.836
N 1442 701255.278 7459963.911
N 1443 701244.2107 7459932.346
N 1444 701268.3718 7459940.513
N 1445 697329.0195 7461417.462
N 1446 697261.0385 7461481.516
N 1447 698017.5979 7461782.126
N 1448 700791.6843 7460082.423
N 1449 700769.6966 7460087.842
N 1450 700775.5357 7458974.7
N 1451 700719.4586 7458968.59
N 1452 700651.8419 7458994.863
N 1453 698468.0631 7461647.685
N 1454 698458.742 7461658.145
N 1455 694215.7901 7460045.886
N 1456 694251.2709 7460007.364
N 1457 694181.3229 7460088.463
N 1458 694156.9932 7460141.177
N 1459 694146.8558 7460198.96
N 1460 694147.8695 7460262.826
N 1461 694178.7817 7460321.462
N 1462 694169.935 7460016.623
N 1463 694216.9986 7459967.95
N 1464 694130.5771 7460073.159
N 1465 694107.3345 7460129.114
N 1466 694088.233 7460198.938
N 1467 694092.6451 7460277.252
N 1468 694129.8606 7460354.492
N 1469 694106.6973 7459983.879
N 1470 694175.0159 7459924.271
N 1471 694074.7815 7460049.966
N 1472 694048.1568 7460120.444
N 1473 694029.4864 7460207.304
N 1474 694039.86 7460293.489
N 1475 694084.4973 7460410.655
N 1476 694249.2942 7460324.716
N 1477 694221.0892 7460344.243
N 1478 694176.6121 7460387.635
N 1479 694260.1422 7460367.024
N 1480 694230.5441 7460404.252
N 1481 694212.4107 7460442.96
N 1482 694153.8311 7460427.773
N 1483 694675.703 7460359.792
N 1484 694650.7415 7460426.689
N 1485 694686.469 7460300.831
N 1486 694686.6758 7460238.562
N 1487 694674.266 7460188.906
N 1488 694723.8953 7460382.947
N 1489 694696.8746 7460444.845
N 1490 694737.0491 7460313.517
N 1491 694736.8199 7460230.932
N 1492 694711.5935 7460168.613
N 1493 694764.3337 7460138.872
N 1494 694799.9421 7460224.466
N 1495 694796.3085 7460324.98
N 1496 694783.0179 7460403.27
N 1497 694753.9181 7460455.55
N 1498 694873.4226 7460222.601
N 1499 694966.9783 7460236.906
N 1500 694938.8781 7460351.083
N 1501 694865.7675 7460339.413
N 1502 694313.9125 7459927.958
N 1503 694282.6476 7459873.267
N 1504 694394.6756 7459856.436
N 1505 694412.5181 7459925.258
N 1506 694509.191 7459852.571
N 1507 694509.191 7459926.683
N 1508 694418.9416 7459966.738
N 1509 694512.7087 7460011.641
N 1510 699778.1501 7457829.805
N 1511 699897.0984 7457838.736
N 1512 699637.0617 7457815.108
N 1513 699476.4589 7457867.238
N 1514 699325.4915 7457931.212
N 1515 699189.8868 7458014.76
N 1516 699088.5601 7458114.647
N 1517 698980.7074 7458245.331
N 1518 698899.3134 7458363.03
N 1519 698836.6417 7458469.732
N 1520 699251.7073 7457814.744
N 1521 699450.4759 7457808.223
N 1522 699100.5563 7457908.314
N 1523 698980.5951 7458016.279
N 1524 698856.0468 7458142.117
N 1525 698773.1233 7458281.307
N 1526 698768.5466 7459551.636
N 1527 698747.3579 7459434.793
N 1528 698733.9144 7459330.402
N 1529 698718.1311 7459204.136
N 1530 698782.0536 7458606.456
N 1531 698737.3343 7458730.091
N 1532 698710.9601 7458848.474
N 1533 698702.3478 7458972.648
N 1534 698701.8675 7459087.913
N 1535 698702.2487 7458416.606
N 1536 698646.1792 7458567.889
N 1537 698600.6912 7458710.084
N 1538 698578.1853 7458832.857
N 1539 698574.2405 7458972.101
N 1540 698576.8711 7459100.998
N 1541 698587.3689 7459224.156
N 1542 698600.854 7459353.614
N 1543 698619.7332 7459469.586
N 1544 698643.2485 7459585.206
N 1545 698846.9581 7457880.793
N 1546 699050.5678 7457840.455
N 1547 698520.4866 7459620.999
N 1548 698489.9361 7459503.888
N 1549 698464.4773 7459381.686
N 1550 698446.9652 7459255.69
N 1551 698431.381 7459116.915
N 1552 698427.3922 7458975.499
N 1553 698426.2892 7458821.594
N 1554 698453.6964 7458675.785
N 1555 698495.1654 7458512.64
N 1556 698550.9506 7458365.125
N 1557 698617.2298 7458208.038
N 1558 698718.061 7458045.358
N 1559 698404.1237 7459656.299
N 1560 698361.9816 7459543.042
N 1561 698280.3314 7459698.441
N 1562 698232.0339 7459584.142
N 1563 698169.7085 7459735.315
N 1564 698131.5675 7459619.037
N 1565 698083.2382 7459771.207
N 1566 698056.6343 7459646.013
N 1567 698327.9538 7459414.427
N 1568 698296.2439 7459281.152
N 1569 698276.4579 7459132.204
N 1570 698263.3824 7458973.822
N 1571 698274.7774 7458802.898
N 1572 698308.9623 7458643.368
N 1573 698347.8349 7458483.174
N 1574 698410.4504 7458317.427
N 1575 698483.6849 7458149.587
N 1576 698598.8246 7457953.816
N 1577 698193.03 7459452.726
N 1578 698155.6417 7459316.274
N 1579 698126.1833 7459165.669
N 1580 698104.9354 7458985.062
N 1581 698113.095 7458780.013
N 1582 698129.7234 7458600.075
N 1583 698163.6717 7458438.975
N 1584 698216.9831 7458265.366
N 1585 698310.3058 7458069.067
N 1586 698079.8119 7459476.201
N 1587 698039.3737 7459347.878
N 1588 698002.3561 7459177.888
N 1589 697969.1952 7458989.422
N 1590 697955.3251 7458767.557
N 1591 697963.2247 7458567.247
N 1592 697994.2416 7458398.459
N 1593 698072.1719 7458223.532
N 1594 697976.277 7459491.427
N 1595 697936.3335 7459374.375
N 1596 697987.9446 7459661.742
N 1597 697931.3142 7459594.036
N 1598 697860.6389 7459524.416
N 1599 697806.9909 7459401.978
N 1600 697876.6787 7459199.026
N 1601 697822.4471 7459001.984
N 1602 697735.3824 7459217.804
N 1603 697668.7907 7459021.869
N 1604 697780.9477 7458771.709
N 1605 697759.3614 7458535.326
N 1606 697603.0464 7458793.048
N 1607 697833.2126 7459684.754
N 1608 697769.2279 7459586.776
N 1609 697728.3544 7459759.888
N 1610 697666.4791 7459658.547
N 1611 697917.3845 7459775.705
N 1612 697802.376 7459857.605
N 1613 697695.1762 7459441.007
N 1614 697615.8531 7459243.417
N 1615 697541.1473 7459049.182
N 1616 697595.0822 7459503.099
N 1617 697532.6095 7459262.627
N 1618 697891.4882 7458372.234
N 1619 694613.2814 7459870.049
N 1620 694606.237 7459940.373
N 1621 694639.8826 7460144.28
N 1622 694613.6945 7460115.968
N 1623 694665.8312 7460098.687
N 1624 694609.9889 7460063.532
N 1625 694690.7791 7460041.453
N 1626 694845.8356 7460419.898
N 1627 694830.9549 7460459.669
N 1628 694591.5581 7460007.131
N 1629 694715.3798 7459980.381
N 1630 694745.7204 7459908.509
N 1631 694844.8172 7460104.15
N 1632 694812.1875 7460052.875
N 1633 694857.4921 7459994.358
N 1634 694919.9162 7460072.453
N 1635 694954.005 7460152.814
N 1636 693983.6264 7460394.372
N 1637 693969.8487 7460308.383
N 1638 693963.584 7460211.281
N 1639 693986.9053 7460110.754
N 1640 694006.5782 7460033.702
N 1641 694041.0059 7459958.289
N 1642 694128.031 7459875.72
N 1643 694247.9935 7459820.608
N 1644 694365.9075 7459784.89
N 1645 694500.2077 7459771.722
N 1646 694621.9313 7459789.382
N 1647 694775.3005 7459844.755
N 1648 694914.1172 7459937.732
N 1649 694999.6337 7460055.543
N 1650 695039.7213 7460159.771
N 1651 693902.4408 7460386.876
N 1652 693894.1216 7460317.1
N 1653 693897.8052 7460211.281
N 1654 693921.5289 7460097.373
N 1655 693943.7984 7460016.249
N 1656 693974.5072 7459929.674
N 1657 694081.0462 7459826.005
N 1658 694202.2698 7459746.773
N 1659 694332.6129 7459699.657
N 1660 694490.6815 7459676.941
N 1661 694628.2196 7459690.872
N 1662 694814.2401 7459753.129
N 1663 694984.9724 7459866.844
N 1664 695095.8439 7460031.49
N 1665 695146.8317 7460173.748
N 1666 693811.6986 7460387.359
N 1667 693803.0881 7460332.252
N 1668 693804.8102 7460209.984
N 1669 693832.3637 7460085.993
N 1670 693866.4819 7459998.283
N 1671 693910.6981 7459898.798
N 1672 694013.8837 7459768.807
N 1673 694141.3185 7459677.536
N 1674 694286.3533 7459611.075
N 1675 694465.1452 7459570.355
N 1676 694630.9281 7459584.92
N 1677 694860.4013 7459647.206
N 1678 695066.9271 7459788.168
N 1679 695205.4165 7460004.765
N 1680 695253.5791 7460171.151
N 1681 693700.4922 7460205.246
N 1682 693726.2944 7460068.451
N 1683 693703.2017 7460387.162
N 1684 693762.4964 7459974.957
N 1685 693822.0312 7459856.955
N 1686 693938.1117 7459706.812
N 1687 694063.383 7459597.755
N 1688 694242.9219 7459507.049
N 1689 694432.6704 7459450.635
N 1690 694634.2063 7459453.793
N 1691 694906.9897 7459524.443
N 1692 695155.282 7459710.035
N 1693 695333.6967 7459986.058
N 1694 695390.4926 7460173.867
N 1695 695043.2068 7460262.475
N 1696 695001.7611 7460365.374
N 1697 694907.7224 7460434.117
N 1698 695267.4648 7460293.153
N 1699 695176.1186 7460275.337
N 1700 695394.7619 7460296.046
E 1 1 2 3 4
E 2 5 6 3 2
E 3 7 8 6 5
E 4 9 10 8 7
E 5 11 12 10 9
E 6 4 3 13 14
E 7 6 15 13 3
E 8 15 6 8 16
E 9 10 17 16 8
E 10 12 18 17 10
E 11 15 19 20 13
E 12 16 21 19 15
E 13 14 13 22 23
E 14 20 24 22 13
E 15 22 25 26 23
E 16 24 27 25 22
E 17 23 26 28 29
E 18 29 28 30 31
E 19 30 28 32 33
E 20 31 30 34 35
E 21 34 30 33 36
E 22 34 37 38 35
E 23 37 34 36 39
E 24 28 40 41 32
E 25 40 28 26 42
E 26 40 43 44 41
E 27 43 40 42 45
E 28 42 26 25 46
E 29 45 47 48 43
E 30 48 49 44 43
E 31 50 45 42 46
E 32 47 51 52 53
E 33 51 47 45 50
E 34 51 50 54 55
E 35 55 56 57 58
E 36 54 59 56 55
E 37 46 60 54 50
E 38 27 60 46 25
E 39 59 54 60 61
E 40 61 60 27 62
E 41 24 63 62 27
E 42 20 64 63 24
E 43 19 65 64 20
E 44 21 66 65 19
E 45 67 68 65 66
E 46 64 65 68 69
E 47 63 64 69 70
E 48 63 70 71 62
E 49 62 71 72 61
E 50 59 61 72 73
E 51 56 59 73 74
E 52 74 75 57 56
E 53 75 74 76 77
E 54 74 73 78 76
E 55 73 72 79 78
E 56 71 80 79 72
E 57 71 70 81 80
E 58 70 69 82 81
E 59 69 68 83 82
E 60 68 67 84 83
E 61 81 82 85 86
E 62 87 88 89 90
E 63 91 87 90 92
E 64 86 85 91 92
E 65 86 93 80 81
E 66 86 92 94 93
E 67 79 80 93 95
E 68 95 93 94 96
E 69 97 98 99 100
E 70 101 100 99 102
E 71 78 79 95 103
E 72 76 104 105 77
E 73 103 104 76 78
E 74 95 96 106 107
E 75 96 101 102 106
E 76 103 95 107 108
E 77 104 103 108 109
E 78 110 109 108 111
E 79 107 112 111 108
E 80 106 113 112 107
E 81 102 114 113 106
E 82 99 115 114 102
E 83 116 117 118 119
E 84 119 118 120 121
E 85 121 120 122 123
E 86 116 119 121 124
E 87 124 121 123 125
E 88 125 123 122 126
E 89 125 126 127 128
E 90 129 124 125 128
E 91 114 115 129 130
E 92 129 128 131 130
E 93 127 132 131 128
E 94 133 134 135 132
E 95 135 136 131 132
E 96 136 137 130 131
E 97 137 113 114 130
E 98 137 138 112 113
E 99 138 137 136 139
E 100 139 136 135 140
E 101 140 135 134 141
E 102 142 143 139 140
E 103 143 144 138 139
E 104 144 111 112 138
E 105 145 146 143 142
E 106 104 147 148 105
E 107 147 104 109 110
E 108 110 111 144 149
E 109 149 144 143 146
E 110 147 150 151 148
E 111 150 147 110 149
E 112 150 149 146 152
E 113 152 153 151 150
E 114 153 152 154 155
E 115 154 152 146 145
E 116 145 156 155 154
E 117 145 141 157 156
E 118 141 145 142 140
E 119 134 133 158 159
E 120 141 134 159 160
E 121 160 161 157 141
E 122 161 160 162 163
E 123 158 164 165 159
E 124 165 162 160 159
E 125 165 164 166 167
E 126 167 168 162 165
E 127 168 169 163 162
E 128 167 166 170 171
E 129 171 172 168 167
E 130 171 173 174 172
E 131 173 171 170 175
E 132 173 175 176 177
E 133 174 173 177 178
E 134 178 179 180 174
E 135 181 182 180 179
E 136 183 181 179 184
E 137 183 185 186 187
E 138 185 183 184 188
E 139 188 184 189 190
E 140 178 189 184 179
E 141 177 191 189 178
E 142 191 192 190 189
E 143 191 177 176 193
E 144 192 191 193 194
E 145 195 196 197 198
E 146 198 197 199 200
E 147 201 202 203 204
E 148 202 205 206 203
E 149 203 206 207 208
E 150 207 209 210 208
E 151 210 209 192 194
E 152 207 190 192 209
E 153 190 207 206 211
E 154 211 212 188 190
E 155 212 211 206 205
E 156 196 195 186 185
E 157 196 185 188 212
E 158 213 214 215 216
E 159 214 213 217 218
E 160 218 212 205 214
E 161 217 196 212 218
E 162 197 196 217 213
E 163 216 215 219 220
E 164 201 204 221 222
E 165 222 221 223 224
E 166 223 225 226 224
E 167 227 228 229 230
E 168 230 229 231 232
E 169 232 231 233 234
E 170 234 233 235 236
E 171 236 235 237 238
E 172 237 239 240 238
E 173 239 241 242 240
E 174 241 243 244 242
E 175 244 243 245 246
E 176 246 245 247 248
E 177 248 247 249 250
E 178 250 249 251 252
E 179 252 251 253 254
E 180 254 253 255 256
E 181 256 255 257 258
E 182 258 257 259 260
E 183 260 259 261 262
E 184 262 261 263 264
E 185 264 263 265 266
E 186 266 265 267 268
E 187 268 267 269 270
E 188 270 269 271 272
E 189 272 271 273 274
E 190 274 273 275 276
E 191 276 275 277 278
E 192 278 277 279 280
E 193 279 281 282 280
E 194 281 283 284 282
E 195 283 285 286 284
E 196 285 287 288 286
E 197 287 289 290 288
E 198 289 291 292 290
E 199 291 293 294 292
E 200 293 295 296 294
E 201 295 297 298 296
E 202 297 299 300 298
E 203 301 302 303 304
E 204 303 305 306 304
E 205 304 306 307 308
E 206 308 307 309 310
E 207 303 302 311 312
E 208 311 313 314 312
E 209 305 315 316 306
E 210 316 317 307 306
E 211 315 318 319 316
E 212 318 320 321 319
E 213 319 322 317 316
E 214 322 319 321 323
E 215 314 324 325 312
E 216 325 305 303 312
E 217 325 324 326 327
E 218 327 315 305 325
E 219 327 326 328 329
E 220 329 318 315 327
E 221 329 330 320 318
E 222 330 329 328 331
E 223 332 333 334 335
E 224 333 336 337 334
E 225 337 338 339 340
E 226 341 342 343 344
E 227 343 345 346 344
E 228 342 347 348 343
E 229 345 343 348 349
E 230 348 350 351 349
E 231 347 352 350 348
E 232 320 330 353 354
E 233 353 330 331 355
E 234 353 355 351 350
E 235 352 354 353 350
E 236 354 356 321 320
E 237 354 357 358 356
E 238 356 359 323 321
E 239 357 354 352 360
E 240 359 361 362 323
E 241 362 363 322 323
E 242 317 322 363 364
E 243 309 307 317 364
E 244 358 365 359 356
E 245 365 366 361 359
E 246 357 367 368 358
E 247 367 357 360 369
E 248 370 371 372 373
E 249 372 374 375 373
E 250 376 373 375 377
E 251 377 378 379 376
E 252 380 381 382 383
E 253 383 384 385 380
E 254 386 310 309 387
E 255 388 386 387 389
E 256 387 309 364 390
E 257 389 387 390 391
E 258 389 392 393 388
E 259 390 364 363 394
E 260 391 390 394 395
E 261 392 389 391 396
E 262 397 393 392 398
E 263 395 399 396 391
E 264 398 392 396 400
E 265 400 396 399 401
E 266 402 403 361 366
E 267 361 403 404 362
E 268 362 404 394 363
E 269 404 405 395 394
E 270 405 404 403 406
E 271 402 407 406 403
E 272 408 409 410 407
E 273 406 407 410 411
E 274 405 406 411 412
E 275 405 412 399 395
E 276 410 409 413 414
E 277 411 410 414 415
E 278 412 411 415 416
E 279 399 412 416 401
E 280 414 413 417 418
E 281 418 417 419 420
E 282 420 419 421 422
E 283 419 417 423 424
E 284 418 425 415 414
E 285 425 418 420 426
E 286 426 420 422 427
E 287 416 415 425 428
E 288 428 425 426 429
E 289 429 426 427 430
E 290 429 430 431 432
E 291 430 427 433 434
E 292 401 416 428 435
E 293 435 428 429 432
E 294 400 401 435 436
E 295 436 435 432 437
E 296 437 432 431 438
E 297 439 440 441 442
E 298 443 444 445 446
E 299 447 443 446 448
E 300 449 447 448 450
E 301 384 383 451 452
E 302 451 383 382 453
E 303 451 453 454 455
E 304 455 456 452 451
E 305 455 454 457 458
E 306 458 459 456 455
E 307 460 461 462 463
E 308 464 465 466 467
E 309 220 219 468 469
E 310 470 471 469 472
E 311 473 472 469 468
E 312 471 474 475 476
E 313 476 475 200 199
E 314 477 478 479 480
E 315 480 479 481 482
E 316 481 483 484 482
E 317 484 483 485 486
E 318 486 485 487 488
E 319 488 487 489 490
E 320 490 489 491 492
E 321 492 491 493 494
E 322 495 496 497 498
E 323 498 497 499 500
E 324 500 499 501 502
E 325 502 501 503 504
E 326 505 506 507 508
E 327 507 509 510 508
E 328 508 510 511 512
E 329 509 507 513 514
E 330 510 509 515 516
E 331 515 509 514 517
E 332 516 518 511 510
E 333 518 519 512 511
E 334 517 514 513 520
E 335 520 521 522 517
E 336 521 523 524 522
E 337 524 523 525 526
E 338 524 526 527 528
E 339 524 528 529 522
E 340 517 522 529 530
E 341 527 531 532 528
E 342 532 531 533 534
E 343 534 533 535 536
E 344 530 537 515 517
E 345 537 538 516 515
E 346 516 538 539 518
E 347 519 518 540 541
E 348 540 518 539 542
E 349 532 543 529 528
E 350 543 532 534 544
E 351 545 546 536 547
E 352 546 544 534 536
E 353 547 536 535 548
E 354 543 549 530 529
E 355 549 543 544 550
E 356 537 530 549 551
E 357 545 550 544 546
E 358 545 552 553 550
E 359 551 549 550 553
E 360 538 537 551 554
E 361 553 555 554 551
E 362 555 553 552 556
E 363 539 538 554 557
E 364 556 557 554 555
E 365 556 558 559 557
E 366 542 539 557 559
E 367 541 540 560 561
E 368 560 540 542 562
E 369 562 542 559 563
E 370 563 559 558 564
E 371 561 560 565 566
E 372 560 562 567 565
E 373 567 562 563 568
E 374 568 563 564 569
E 375 570 565 567 571
E 376 571 567 568 572
E 377 572 568 569 573
E 378 572 573 574 575
E 379 576 577 578 579
E 380 579 578 580 581
E 381 581 580 582 583
E 382 583 582 572 575
E 383 571 572 582 580
E 384 580 578 570 571
E 385 578 577 584 570
E 386 477 585 586 478
E 387 585 587 588 586
E 388 589 590 591 592
E 389 592 593 594 589
E 390 593 592 595 596
E 391 595 592 591 597
E 392 597 591 598 599
E 393 600 601 602 603
E 394 604 605 606 607
E 395 602 601 608 609
E 396 610 611 608 601
E 397 611 610 607 612
E 398 612 607 606 613
E 399 611 612 614 615
E 400 615 616 608 611
E 401 616 617 609 608
E 402 616 618 619 617
E 403 620 474 471 470
E 404 621 622 623 624
E 405 623 625 626 624
E 406 627 628 625 623
E 407 627 623 622 629
E 408 630 631 632 633
E 409 632 634 628 627
E 410 633 632 627 629
E 411 631 630 594 593
E 412 596 603 631 593
E 413 603 596 595 600
E 414 634 632 631 603
E 415 597 635 600 595
E 416 635 597 599 604
E 417 635 610 601 600
E 418 607 610 635 604
E 419 624 626 636 621
E 420 636 626 637 638
E 421 637 639 640 638
E 422 639 226 225 640
E 423 641 642 643 644
E 424 645 646 642 641
E 425 646 645 647 648
E 426 642 649 650 643
E 427 649 2 1 650
E 428 5 2 649 651
E 429 646 651 649 642
E 430 7 5 651 652
E 431 648 652 651 646
E 432 653 654 648 647
E 433 654 655 652 648
E 434 655 9 7 652
E 435 11 9 655 656
E 436 654 657 656 655
E 437 658 657 654 653
E 438 659 11 656 660
E 439 661 659 660 662
E 440 663 661 662 664
E 441 664 665 666 663
E 442 664 667 668 665
E 443 667 669 670 668
E 444 662 671 667 664
E 445 671 672 669 667
E 446 673 674 657 658
E 447 674 673 672 671
E 448 674 660 656 657
E 449 671 662 660 674
E 450 447 449 675 676
E 451 443 447 676 677
E 452 444 443 677 678
E 453 679 680 681 682
E 454 678 677 683 684
E 455 676 675 685 686
E 456 686 685 687 688
E 457 688 687 689 690
E 458 690 689 691 692
E 459 692 691 679 682
E 460 686 683 677 676
E 461 683 686 688 693
E 462 693 688 690 694
E 463 694 690 692 695
E 464 696 697 698 699
E 465 700 684 697 696
E 466 701 702 682 681
E 467 440 703 704 441
E 468 704 703 699 698
E 469 702 695 692 682
E 470 493 705 706 494
E 471 706 705 707 708
E 472 708 707 709 710
E 473 710 709 711 712
E 474 711 713 714 712
E 475 495 714 713 496
E 476 505 504 503 506
E 477 227 715 716 228
E 478 716 715 717 718
E 479 717 719 720 718
E 480 720 721 722 718
E 481 721 723 724 722
E 482 719 717 725 726
E 483 726 725 727 728
E 484 720 719 729 730
E 485 729 731 732 730
E 486 733 734 732 731
E 487 644 735 736 641
E 488 653 647 645 737
E 489 737 645 641 736
E 490 658 653 737 738
E 491 739 738 737 736
E 492 673 658 738 740
E 493 741 740 738 739
E 494 742 669 740 741
E 495 669 672 673 740
E 496 742 743 670 669
E 497 744 745 746 747
E 498 744 747 748 749
E 499 747 746 750 751
E 500 746 745 752 753
E 501 748 747 751 754
E 502 753 755 750 746
E 503 755 753 752 756
E 504 749 748 754 757
E 505 754 758 759 757
E 506 751 760 758 754
E 507 750 761 760 751
E 508 756 762 763 755
E 509 763 761 750 755
E 510 759 758 764 765
E 511 764 758 766 767
E 512 766 758 760 768
E 513 761 769 768 760
E 514 763 770 769 761
E 515 763 762 771 772
E 516 772 773 770 763
E 517 764 774 775 765
E 518 774 764 767 776
E 519 766 777 776 767
E 520 777 766 768 778
E 521 778 768 769 779
E 522 779 769 770 780
E 523 773 781 780 770
E 524 772 782 781 773
E 525 771 783 782 772
E 526 774 784 785 775
E 527 663 666 786 787
E 528 659 788 12 11
E 529 789 788 659 661
E 530 784 790 791 785
E 531 789 787 786 792
E 532 789 792 791 790
E 533 788 789 790 793
E 534 776 794 784 774
E 535 794 793 790 784
E 536 18 12 788 793
E 537 794 795 18 793
E 538 777 795 794 776
E 539 778 796 795 777
E 540 782 783 797 798
E 541 781 782 798 799
E 542 780 781 799 800
E 543 779 780 800 801
E 544 801 796 778 779
E 545 17 802 21 16
E 546 795 802 17 18
E 547 796 803 802 795
E 548 803 66 21 802
E 549 803 804 67 66
E 550 801 804 803 796
E 551 804 805 84 67
E 552 804 801 800 805
E 553 85 82 83 806
E 554 807 806 83 84
E 555 806 808 91 85
E 556 807 809 808 806
E 557 87 91 808 810
E 558 811 809 807 812
E 559 813 810 808 809
E 560 88 87 810 814
E 561 813 815 814 810
E 562 816 817 814 815
E 563 88 818 819 89
E 564 817 818 88 814
E 565 393 820 821 388
E 566 820 822 823 821
E 567 824 825 826 827
E 568 828 826 825 829
E 569 828 830 831 832
E 570 826 828 832 833
E 571 834 827 835 836
E 572 833 835 827 826
E 573 836 837 838 834
E 574 839 837 836 840
E 575 835 841 840 836
E 576 833 842 841 835
E 577 832 831 843 844
E 578 844 842 833 832
E 579 840 845 846 839
E 580 845 437 438 846
E 581 844 843 847 848
E 582 842 844 848 849
E 583 841 842 849 850
E 584 850 851 840 841
E 585 845 840 851 852
E 586 852 436 437 845
E 587 851 853 854 852
E 588 853 851 850 855
E 589 855 856 398 853
E 590 856 857 397 398
E 591 439 442 858 859
E 592 859 858 860 861
E 593 862 863 864 865
E 594 865 864 866 867
E 595 867 866 868 869
E 596 869 868 870 871
E 597 871 870 872 873
E 598 873 872 874 875
E 599 875 874 876 877
E 600 877 876 878 879
E 601 879 878 880 881
E 602 881 880 882 883
E 603 697 684 683 693
E 604 698 697 693 694
E 605 704 698 694 695
E 606 702 441 704 695
E 607 701 442 441 702
E 608 701 884 858 442
E 609 884 885 860 858
E 610 886 887 864 863
E 611 866 864 887 888
E 612 888 889 868 866
E 613 889 890 870 868
E 614 890 891 872 870
E 615 891 892 874 872
E 616 892 893 876 874
E 617 893 894 878 876
E 618 894 895 880 878
E 619 895 896 882 880
E 620 895 897 898 896
E 621 894 899 897 895
E 622 893 900 899 894
E 623 892 901 900 893
E 624 891 902 901 892
E 625 902 891 890 903
E 626 903 890 889 904
E 627 904 889 888 905
E 628 905 888 887 906
E 629 906 887 886 907
E 630 908 907 886 909
E 631 909 886 863 910
E 632 910 863 862 911
E 633 912 908 909 913
E 634 913 909 910 914
E 635 914 910 911 915
E 636 458 916 917 459
E 637 916 458 457 918
E 638 919 459 917 920
E 639 457 921 922 918
E 640 921 923 465 922
E 641 923 924 466 465
E 642 920 462 925 919
E 643 925 462 461 926
E 644 922 465 464 927
E 645 928 918 922 927
E 646 916 918 928 929
E 647 916 930 931 917
E 648 931 932 920 917
E 649 932 463 462 920
E 650 929 933 930 916
E 651 681 934 884 701
E 652 680 935 934 681
E 653 934 936 885 884
E 654 450 937 938 449
E 655 938 939 675 449
E 656 939 940 685 675
E 657 940 941 687 685
E 658 941 942 689 687
E 659 942 943 691 689
E 660 943 944 679 691
E 661 944 945 680 679
E 662 945 946 935 680
E 663 932 939 938 463
E 664 460 463 938 937
E 665 898 897 947 948
E 666 947 897 899 949
E 667 949 899 900 950
E 668 950 900 901 951
E 669 932 952 940 939
E 670 952 953 941 940
E 671 953 954 942 941
E 672 954 955 943 942
E 673 955 956 944 943
E 674 956 957 945 944
E 675 935 958 936 934
E 676 957 959 946 945
E 677 960 904 905 961
E 678 961 905 906 962
E 679 962 906 907 963
E 680 963 907 908 964
E 681 912 965 964 908
E 682 915 861 860 914
E 683 913 914 860 885
E 684 885 936 912 913
E 685 936 958 965 912
E 686 948 947 966 967
E 687 966 947 949 968
E 688 950 969 968 949
E 689 951 970 969 950
E 690 962 971 972 961
E 691 963 973 971 962
E 692 964 974 973 963
E 693 965 975 974 964
E 694 958 976 975 965
E 695 935 946 976 958
E 696 959 977 976 946
E 697 967 966 978 979
E 698 978 966 968 980
E 699 980 968 969 981
E 700 981 969 970 982
E 701 982 972 971 983
E 702 983 971 973 984
E 703 984 973 974 985
E 704 975 986 985 974
E 705 977 986 975 976
E 706 987 988 957 956
E 707 988 989 959 957
E 708 979 978 990 991
E 709 990 978 980 992
E 710 992 980 981 993
E 711 983 994 995 982
E 712 994 983 984 996
E 713 985 997 996 984
E 714 977 959 989 998
E 715 986 999 997 985
E 716 998 999 986 977
E 717 933 1000 988 987
E 718 991 990 1001 1002
E 719 1003 998 989 1004
E 720 1000 1004 989 988
E 721 928 1000 933 929
E 722 928 1005 1004 1000
E 723 1002 1001 1006 1007
E 724 1006 1008 1009 1007
E 725 1008 1006 1010 1011
E 726 1008 1012 1013 1009
E 727 1014 1005 928 927
E 728 1012 1015 1014 1016
E 729 1016 1014 927 464
E 730 1013 1012 1016 1017
E 731 467 1017 1016 464
E 732 733 1018 1019 734
E 733 1018 1020 1021 1019
E 734 1020 1022 1023 1021
E 735 1020 1024 1025 1022
E 736 1025 1024 1026 1027
E 737 1027 1026 1028 1029
E 738 1029 1028 1030 1031
E 739 736 735 1032 1033
E 740 1033 1034 739 736
E 741 1032 1023 1022 1033
E 742 1025 1034 1033 1022
E 743 741 739 1034 1035
E 744 1035 1034 1025 1027
E 745 742 741 1035 1036
E 746 1036 1037 743 742
E 747 1036 1035 1027 1029
E 748 1037 1036 1029 1031
E 749 299 1038 1039 300
E 750 1038 1040 1041 1039
E 751 1040 1042 1043 1041
E 752 1043 1044 1045 1041
E 753 1043 1042 1046 1047
E 754 1046 1048 1049 1047
E 755 1049 1050 1051 1047
E 756 1050 1052 1053 1051
E 757 1049 1048 313 311
E 758 302 1050 1049 311
E 759 821 1054 386 388
E 760 1052 1050 302 301
E 761 308 1055 301 304
E 762 1055 308 310 1056
E 763 1056 310 386 1054
E 764 1055 1057 1052 301
E 765 823 1058 1054 821
E 766 1056 1059 1057 1055
E 767 1059 1056 1054 1058
E 768 1060 1061 1062 1063
E 769 1062 1061 340 339
E 770 1064 337 336 1065
E 771 1064 1066 338 337
E 772 1066 1067 341 338
E 773 339 338 341 1068
E 774 341 344 346 1068
E 775 1069 1070 1071 1072
E 776 1073 1074 1075 1076
E 777 1077 1074 1073 1072
E 778 1078 1079 1080 1081
E 779 590 1082 1083 591
E 780 589 594 1084 1085
E 781 1086 1087 1088 1089
E 782 1088 1087 588 587
E 783 598 1090 1070 1069
E 784 591 1083 1090 598
E 785 370 1091 367 369
E 786 1091 370 373 376
E 787 1092 1093 1094 1095
E 788 368 1096 1093 1092
E 789 1091 1096 368 367
E 790 1096 1091 376 379
E 791 1097 1098 1099 1100
E 792 379 1097 1093 1096
E 793 378 1098 1097 379
E 794 1098 378 1101 1102
E 795 1101 385 1103 1102
E 796 1101 378 377 1104
E 797 1105 375 374 1106
E 798 1105 381 380 1104
E 799 1104 377 375 1105
E 800 380 385 1101 1104
E 801 176 1107 1108 193
E 802 1108 1109 194 193
E 803 1107 1110 1109 1108
E 804 172 1111 169 168
E 805 174 1112 1111 172
E 806 180 1113 1112 174
E 807 182 1114 1113 180
E 808 182 1115 1116 1114
E 809 181 1117 1115 182
E 810 1117 181 183 187
E 811 566 565 570 584
E 812 1074 1077 1118 1119
E 813 1119 1120 1074
E 814 1118 1077 1121 1122
E 815 1119 1123 1124 1120
E 816 1118 1125 1123 1119
E 817 1125 1118 1122 1126
E 818 1125 1126 1127 1128
E 819 1128 1129 1123 1125
E 820 1129 1130 1124 1123
E 821 1129 1131 1132 1130
E 822 1131 1129 1128 1133
E 823 1133 1128 1127 1134
E 824 1133 1134 1135 1136
E 825 1136 1137 1131 1133
E 826 1137 1138 1132 1131
E 827 1138 1137 1078 1139
E 828 1079 1136 1135
E 829 1079 1078 1137 1136
E 830 1138 1140 1132
E 831 614 612 613 1141
E 832 618 616 615
E 833 618 615 614 1142
E 834 1142 614 1141 1143
E 835 618 472 473 619
E 836 472 618 1142 470
E 837 1142 1143 620 470
E 838 599 598 1069 1144
E 839 599 1144 604
E 840 1144 1145 605 604
E 841 1069 1072 1073 1144
E 842 1144 1073 1076 1145
E 843 789 661 663 787
E 844 951 901 902 1146
E 845 1146 1147 970 951
E 846 995 993 981 982
E 847 1148 1001 990 992
E 848 1148 1010 1006 1001
E 849 1015 1012 1008 1011
E 850 1005 1014 1015 1149
E 851 1149 1015 1011 1150
E 852 1011 1010 1151 1150
E 853 1151 1010 1148 993
E 854 993 1148 992
E 855 995 1151 993
E 856 994 1150 1151 995
E 857 1149 1003 1004 1005
E 858 999 998 1003
E 859 1097 1100 1094 1093
E 860 419 424 421
E 861 822 820 397 857
E 862 820 393 397
E 863 400 436 852 854
E 864 400 854 853 398
E 865 996 997 1152 1153
E 866 1153 1150 994 996
E 867 1152 997 999 1003
E 868 1153 1152 1003 1149
E 869 903 904 960 1154
E 870 1154 1146 902 903
E 871 1147 972 982 970
E 872 1154 1147 1146
E 873 1147 960 961 972
E 874 1154 960 1147
E 875 1153 1149 1150
E 876 987 956 955 1155
E 877 1155 930 933 987
E 878 1155 955 954 1156
E 879 1156 931 930 1155
E 880 1156 952 932 931
E 881 953 1156 954
E 882 953 952 1156
E 883 1157 1158 1159 1160
E 884 1160 1159 1161 1162
E 885 1162 1161 1163 1164
E 886 1163 1165 1166 1164
E 887 847 1167 1157 848
E 888 848 1157 1160 849
E 889 849 1160 1162
E 890 850 849 855
E 891 855 849 1162
E 892 855 1162 1164 856
E 893 856 1164 857
E 894 1164 1166 857
E 895 857 1166 822
E 896 822 1166 1168
E 897 98 1169 1170 1171
E 898 1169 1172 1173 1170
E 899 1171 1170 1174 117
E 900 116 1175 1171 117
E 901 1175 1176 98 1171
E 902 1176 99 98
E 903 99 1176 115
E 904 116 124 1177 1175
E 905 1177 115 1176 1175
E 906 129 115 1177
E 907 129 1177 124
E 908 1178 1179 1180 1181
E 909 1179 1182 1183 1180
E 910 1183 1182 1184 1185
E 911 1185 1184 1186 1187
E 912 1187 1186 1188 1189
E 913 1189 1188 1190 1191
E 914 819 818 1192 1193
E 915 1192 818 817 1194
E 916 817 816 1195 1194
E 917 816 1196 1197 1195
E 918 1193 1192 1198 1199
E 919 1192 1194 1200 1198
E 920 1194 1195 1201 1200
E 921 1199 1198 1202 1203
E 922 1198 1200 1204 1202
E 923 1203 1202 1205 1206
E 924 1204 1207 1205 1202
E 925 1204 1200 1201 1208
E 926 1204 1208 1209 1207
E 927 1195 1197 1210 1201
E 928 1201 1210 1211 1208
E 929 1191 1190 1212
E 930 1212 1213 1191
E 931 1196 1214 1215 1197
E 932 1215 1216 1210 1197
E 933 1216 1217 1211 1210
E 934 799 798 1218 1219
E 935 798 797 1220 1218
E 936 816 815 1221 1196
E 937 1221 1222 1214 1196
E 938 1213 1212 1223 1224
E 939 1223 1212 1225 1226
E 940 1225 1227 1228 1226
E 941 1228 1227 1229 1230
E 942 1229 1231 1230
E 943 1224 1232 1233 1213
E 944 1232 1234 1235 1233
E 945 1234 1236 1237 1235
E 946 1236 1238 1239 1237
E 947 1231 1240 1241 1230
E 948 1241 1242 1228 1230
E 949 1242 1243 1226 1228
E 950 1243 1244 1223 1226
E 951 1244 1245 1224 1223
E 952 1245 1246 1232 1224
E 953 1246 1247 1234 1232
E 954 1247 1248 1236 1234
E 955 1248 1249 1238 1236
E 956 1240 1217 1216 1241
E 957 1216 1215 1242 1241
E 958 1215 1214 1243 1242
E 959 1214 1222 1244 1243
E 960 1244 1222 1250 1245
E 961 1250 1222 1221 1251
E 962 1250 1252 1246 1245
E 963 1252 1253 1247 1246
E 964 1251 1254 1252 1250
E 965 1254 1255 1253 1252
E 966 1253 1256 1248 1247
E 967 1256 1257 1249 1248
E 968 1255 1258 1256 1253
E 969 1258 1259 1257 1256
E 970 1259 1260 1261 1257
E 971 1170 1173 1262 1174
E 972 1172 1263 1173
E 973 1264 1265 1266 1267
E 974 1173 1263 1265 1264
E 975 1268 1269 1254 1251
E 976 1269 1270 1255 1254
E 977 1270 1271 1258 1255
E 978 1271 1272 1259 1258
E 979 1272 1273 1260 1259
E 980 1273 1274 1275 1260
E 981 1218 1220 1276 1277
E 982 1218 1277 1278 1219
E 983 1278 1277 1274 1273
E 984 1278 1273 1272 1279
E 985 1279 1272 1271 1280
E 986 1280 1271 1270 1281
E 987 1221 815 1268 1251
E 988 1268 1282 1283 1269
E 989 1283 1281 1270 1269
E 990 813 1282 1268 815
E 991 809 811 1282 813
E 992 811 1283 1282
E 993 1280 1284 1285 1279
E 994 1285 1219 1278 1279
E 995 84 805 812 807
E 996 811 1286 1281 1283
E 997 1286 1284 1280 1281
E 998 812 1287 1286 811
E 999 1287 1288 1284 1286
E 1000 1288 1289 1285 1284
E 1001 1289 799 1219 1285
E 1002 1289 800 799
E 1003 800 1289 1288
E 1004 805 1287 812
E 1005 805 800 1288 1287
E 1006 829 1290 830 828
E 1007 839 1291 1292 837
E 1008 1291 1293 1294 1292
E 1009 1292 1295 838 837
E 1010 1292 1294 1296 1295
E 1011 824 1297 1298 825
E 1012 1298 1299 829 825
E 1013 1299 1300 1290 829
E 1014 824 827 834 838
E 1015 838 1295 1297 824
E 1016 1295 1296 1301 1297
E 1017 1299 1302 1303 1300
E 1018 1302 1299 1298 1304
E 1019 1301 1304 1298 1297
E 1020 1302 1304 1305 1306
E 1021 1305 1307 1306
E 1022 1306 1307 1308
E 1023 1307 1309 1310 1308
E 1024 1309 1311 1312 1310
E 1025 1311 1313 1314 1312
E 1026 1313 1315 1316 1314
E 1027 1315 1317 1318 1316
E 1028 1317 1319 1320 1318
E 1029 1321 1322 1323 1324
E 1030 1323 1325 1326 1324
E 1031 1325 1327 1328 1326
E 1032 1328 1327 1329 1330
E 1033 1329 1331 1332 1330
E 1034 1331 1333 1334 1332
E 1035 1335 1336 1337 1338
E 1036 1336 1339 1340 1337
E 1037 1339 1341 1342 1340
E 1038 1341 1343 1344 1342
E 1039 1343 1345 1346 1344
E 1040 744 1347 1348 745
E 1041 1347 1349 1350 1348
E 1042 1349 1351 1352 1350
E 1043 1351 1353 1354 1352
E 1044 1353 1355 1356 1354
E 1045 1355 1357 1358 1356
E 1046 1357 1359 1360 1358
E 1047 1359 1361 1362 1360
E 1048 1361 1363 1364 1362
E 1049 1267 1266 1365 1366
E 1050 1365 1367 1368 1366
E 1051 1367 1369 1370 1368
E 1052 1369 1371 1372 1370
E 1053 1371 1373 1374 1372
E 1054 1374 1373 1375 1376
E 1055 1376 1375 1377
E 1056 1376 1377 1378 1379
E 1057 1379 1378 1380 1381
E 1058 1382 1383 1384 1385
E 1059 1385 1386 1387 1382
E 1060 1384 1383 1388 1389
E 1061 1389 1388 1390 1391
E 1062 1392 1393 1394 1395
E 1063 1395 1396 1397 1392
E 1064 1396 1398 1399 1397
E 1065 1398 1400 1401 1399
E 1066 1394 1393 1402 1403
E 1067 1404 1405 1406 1407
E 1068 1405 1403 1402 1406
E 1069 1408 1409 1386 1385
E 1070 1409 1405 1404 1386
E 1071 1165 1168 1166
E 1072 1168 1409 1408 1410
E 1073 1410 823 822 1168
E 1074 1411 1391 1390 1412
E 1075 1044 1413 1414 1045
E 1076 1413 1415 1414
E 1077 1412 1416 1417 1411
E 1078 1047 1051 1044 1043
E 1079 1051 1413 1044
E 1080 1413 1051 1053
E 1081 1053 1418 1415 1413
E 1082 1052 1057 1419 1053
E 1083 1057 1059 1420 1419
E 1084 1059 1058 1421 1420
E 1085 1058 823 1410 1421
E 1086 1421 1410 1408 1422
E 1087 1422 1408 1385 1384
E 1088 1418 1423 1424 1415
E 1089 1423 1425 1424
E 1090 1423 1417 1416 1425
E 1091 1418 1426 1417 1423
E 1092 1426 1427 1411 1417
E 1093 1427 1428 1391 1411
E 1094 1422 1384 1389 1429
E 1095 1392 1397 1430 1431
E 1096 1430 1322 1321 1431
E 1097 1387 1432 1433 1382
E 1098 1432 1335 1338 1433
E 1099 1428 1429 1389 1391
E 1100 1419 1426 1418 1053
E 1101 1421 1422 1429
E 1102 1419 1427 1426
E 1103 1419 1420 1428 1427
E 1104 1420 1421 1429 1428
E 1105 1168 1403 1405 1409
E 1106 1400 1434 1401
E 1107 1403 1435 1436 1394
E 1108 1436 1437 1395 1394
E 1109 1437 1438 1396 1395
E 1110 1438 1439 1398 1396
E 1111 1439 1440 1400 1398
E 1112 1440 1441 1434 1400
E 1113 1165 1436 1435
E 1114 1441 1442 1434
E 1115 1165 1163 1437 1436
E 1116 1163 1161 1438 1437
E 1117 1161 1159 1439 1438
E 1118 1158 1440 1439 1159
E 1119 1158 1443 1441 1440
E 1120 1157 1167 1443 1158
E 1121 1167 1444 1443
E 1122 1443 1444 1442 1441
E 1123 1167 847 1444
E 1124 1165 1435 1168
E 1125 1168 1435 1403
E 1126 1387 1386 1404 1407
E 1127 471 476 220 469
E 1128 476 199 216 220
E 1129 199 197 213 216
E 1130 94 1445 101 96
E 1131 1445 94 92 90
E 1132 1445 1446 100 101
E 1133 1446 97 100
E 1134 1276 1447 1274 1277
E 1135 1447 1275 1274
E 1136 1390 1448 1449 1412
E 1137 1412 1449 1416
E 1138 408 407 1450
E 1139 1450 407 402 1451
E 1140 1451 402 366 1452
E 1141 1095 365 1092
E 1142 1092 365 358 368
E 1143 1095 1452 366 365
E 1144 1363 1453 1454 1364
E 1145 1275 1261 1260
E 1146 1211 1209 1208
E 1147 548 535 1455 1456
E 1148 1455 535 533 1457
E 1149 1457 533 531 1458
E 1150 1458 531 527 1459
E 1151 1459 527 526 1460
E 1152 1460 526 525 1461
E 1153 1456 1455 1462 1463
E 1154 1462 1455 1457 1464
E 1155 1464 1457 1458 1465
E 1156 1465 1458 1459 1466
E 1157 1466 1459 1460 1467
E 1158 1467 1460 1461 1468
E 1159 1463 1462 1469 1470
E 1160 1469 1462 1464 1471
E 1161 1471 1464 1465 1472
E 1162 1472 1465 1466 1473
E 1163 1473 1466 1467 1474
E 1164 1474 1467 1468 1475
E 1165 525 1476 1477 1461
E 1166 1477 1478 1468 1461
E 1167 1477 1479 1480 1478
E 1168 1478 1480 1481 1482
E 1169 1482 1475 1468 1478
E 1170 579 1483 1484 576
E 1171 1483 579 581 1485
E 1172 1485 581 583 1486
E 1173 1486 583 575 1487
E 1174 1483 1488 1489 1484
E 1175 1488 1483 1485 1490
E 1176 1490 1485 1486 1491
E 1177 1491 1486 1487 1492
E 1178 1492 1493 1494 1491
E 1179 1494 1495 1490 1491
E 1180 1495 1496 1488 1490
E 1181 1496 1497 1489 1488
E 1182 1498 1499 1500 1501
E 1183 1456 1463 1502
E 1184 1502 1463 1470 1503
E 1185 1503 1504 1505 1502
E 1186 1504 1506 1507 1505
E 1187 1505 1508 1502
E 1188 1508 1505 1507 1509
E 1189 699 703 1510 1511
E 1190 1510 703 440 1512
E 1191 1512 440 439 1513
E 1192 1513 439 859 1514
E 1193 1514 859 861 1515
E 1194 1515 861 915 1516
E 1195 1516 915 911 1517
E 1196 1517 911 862 1518
E 1197 1518 862 865 1519
E 1198 1513 1514 1520 1521
E 1199 1520 1514 1515 1522
E 1200 1522 1515 1516 1523
E 1201 1523 1516 1517 1524
E 1202 1524 1517 1518 1525
E 1203 881 883 1526 1527
E 1204 879 881 1527 1528
E 1205 877 879 1528 1529
E 1206 1519 865 867 1530
E 1207 1530 867 869 1531
E 1208 1531 869 871 1532
E 1209 1532 871 873 1533
E 1210 1533 873 875 1534
E 1211 1534 875 877 1529
E 1212 1525 1518 1519 1535
E 1213 1535 1519 1530 1536
E 1214 1536 1530 1531 1537
E 1215 1537 1531 1532 1538
E 1216 1538 1532 1533 1539
E 1217 1539 1533 1534 1540
E 1218 1540 1534 1529 1541
E 1219 1541 1529 1528 1542
E 1220 1542 1528 1527 1543
E 1221 1543 1527 1526 1544
E 1222 1522 1523 1545 1546
E 1223 1543 1544 1547 1548
E 1224 1548 1549 1542 1543
E 1225 1549 1550 1541 1542
E 1226 1550 1551 1540 1541
E 1227 1551 1552 1539 1540
E 1228 1552 1553 1538 1539
E 1229 1553 1554 1537 1538
E 1230 1554 1555 1536 1537
E 1231 1555 1556 1535 1536
E 1232 1556 1557 1525 1535
E 1233 1557 1558 1524 1525
E 1234 1558 1545 1523 1524
E 1235 1548 1547 1559 1560
E 1236 1560 1559 1561 1562
E 1237 1562 1561 1563 1564
E 1238 1564 1563 1565 1566
E 1239 1549 1548 1560 1567
E 1240 1567 1568 1550 1549
E 1241 1568 1569 1551 1550
E 1242 1569 1570 1552 1551
E 1243 1570 1571 1553 1552
E 1244 1571 1572 1554 1553
E 1245 1572 1573 1555 1554
E 1246 1573 1574 1556 1555
E 1247 1574 1575 1557 1556
E 1248 1575 1576 1558 1557
E 1249 1567 1560 1562 1577
E 1250 1577 1578 1568 1567
E 1251 1569 1568 1578 1579
E 1252 1579 1580 1570 1569
E 1253 1580 1581 1571 1570
E 1254 1581 1582 1572 1571
E 1255 1582 1583 1573 1572
E 1256 1583 1584 1574 1573
E 1257 1584 1585 1575 1574
E 1258 1564 1586 1577 1562
E 1259 1586 1587 1578 1577
E 1260 1587 1588 1579 1578
E 1261 1588 1589 1580 1579
E 1262 1589 1590 1581 1580
E 1263 1590 1591 1582 1581
E 1264 1591 1592 1583 1582
E 1265 1592 1593 1584 1583
E 1266 1586 1564 1566 1594
E 1267 1594 1595 1587 1586
E 1268 1594 1566 1596 1597
E 1269 1594 1597 1598
E 1270 1598 1599 1595 1594
E 1271 1588 1587 1595 1600
E 1272 1600 1601 1589 1588
E 1273 1600 1595 1599 1602
E 1274 1602 1603 1601 1600
E 1275 1590 1589 1601 1604
E 1276 1604 1605 1591 1590
E 1277 1604 1601 1603 1606
E 1278 1598 1597 1607 1608
E 1279 1607 1609 1610 1608
E 1280 1607 1611 1612 1609
E 1281 1599 1598 1608 1613
E 1282 1602 1599 1613 1614
E 1283 1603 1602 1614 1615
E 1284 1613 1608 1610 1616
E 1285 1616 1617 1614 1613
E 1286 1615 1614 1617
E 1287 1606 1603 1615
E 1288 1511 696 699
E 1289 1512 1513 1521
E 1290 1520 1522 1546
E 1291 1545 1558 1576
E 1292 1576 1575 1585
E 1293 1585 1584 1593
E 1294 1593 1592 1618
E 1295 1618 1592 1591 1605
E 1296 1605 1604 1606
E 1297 1506 1619 1620 1507
E 1298 1487 575 574 1621
E 1299 1621 574 1622
E 1300 1492 1487 1621 1623
E 1301 1623 1621 1622 1624
E 1302 1493 1492 1623 1625
E 1303 1496 1626 1627 1497
E 1304 1501 1626 1496 1495
E 1305 1498 1501 1495 1494
E 1306 1625 1623 1624 1628
E 1307 1620 1628 1509 1507
E 1308 1620 1629 1625 1628
E 1309 1629 1620 1619 1630
E 1310 1631 1498 1494 1493
E 1311 1629 1632 1493 1625
E 1312 1632 1631 1493
E 1313 1632 1629 1630 1633
E 1314 1633 1634 1631 1632
E 1315 1634 1635 1498 1631
E 1316 1635 1499 1498
E 1317 1475 1636 1637 1474
E 1318 1473 1474 1637 1638
E 1319 1638 1639 1472 1473
E 1320 1639 1640 1471 1472
E 1321 1640 1641 1469 1471
E 1322 1641 1642 1470 1469
E 1323 1642 1643 1503 1470
E 1324 1643 1644 1504 1503
E 1325 1644 1645 1506 1504
E 1326 1645 1646 1619 1506
E 1327 1646 1647 1630 1619
E 1328 1647 1648 1633 1630
E 1329 1648 1649 1634 1633
E 1330 1649 1650 1635 1634
E 1331 1637 1636 1651 1652
E 1332 1652 1653 1638 1637
E 1333 1653 1654 1639 1638
E 1334 1654 1655 1640 1639
E 1335 1655 1656 1641 1640
E 1336 1656 1657 1642 1641
E 1337 1657 1658 1643 1642
E 1338 1658 1659 1644 1643
E 1339 1659 1660 1645 1644
E 1340 1660 1661 1646 1645
E 1341 1661 1662 1647 1646
E 1342 1662 1663 1648 1647
E 1343 1663 1664 1649 1648
E 1344 1664 1665 1650 1649
E 1345 1652 1651 1666 1667
E 1346 1667 1668 1653 1652
E 1347 1668 1669 1654 1653
E 1348 1669 1670 1655 1654
E 1349 1670 1671 1656 1655
E 1350 1671 1672 1657 1656
E 1351 1672 1673 1658 1657
E 1352 1673 1674 1659 1658
E 1353 1674 1675 1660 1659
E 1354 1675 1676 1661 1660
E 1355 1676 1677 1662 1661
E 1356 1677 1678 1663 1662
E 1357 1678 1679 1664 1663
E 1358 1679 1680 1665 1664
E 1359 1669 1668 1681 1682
E 1360 1681 1668 1667 1683
E 1361 1667 1666 1683
E 1362 1670 1669 1682 1684
E 1363 1671 1670 1684 1685
E 1364 1672 1671 1685 1686
E 1365 1673 1672 1686 1687
E 1366 1674 1673 1687 1688
E 1367 1688 1689 1675 1674
E 1368 1689 1690 1676 1675
E 1369 1690 1691 1677 1676
E 1370 1691 1692 1678 1677
E 1371 1692 1693 1679 1678
E 1372 1693 1694 1680 1679
E 1373 1499 1695 1696 1500
E 1374 1500 1697 1626 1501
E 1375 1680 1698 1699 1665
E 1376 1680 1694 1700 1698
E 1377 1697 1627 1626
E 1378 1696 1697 1500
