Tempo (s)	Intensidade (m/s)	Direção (graus)
0.0000	2.0200	106.5600
10800.0000	2.2000	65.1100
21600.0000	2.0200	50.6300
32400.0000	2.6200	61.4800
43200.0000	2.9100	71.0900
54000.0000	2.8500	100.2200
64800.0000	4.9500	90.9000
75600.0000	4.9600	86.5400
86400.0000	3.6400	87.1800
97200.0000	4.8300	80.2500
108000.0000	4.3600	70.1500
118800.0000	3.6700	48.0900
129600.0000	2.6200	55.5800
140400.0000	2.6900	62.5800
151200.0000	3.1600	52.9800
162000.0000	3.0600	70.5600
172800.0000	1.9600	77.2600
183600.0000	1.3400	30.1900
194400.0000	1.8100	10.8100
205200.0000	1.8300	33.0900
216000.0000	1.9200	17.7000
226800.0000	1.1700	295.8600
237600.0000	3.3300	183.7100
248400.0000	0.8510	63.9200
259200.0000	1.6600	305.1600
270000.0000	1.7300	282.4500
280800.0000	1.4300	252.8000
291600.0000	1.0200	24.3400
302400.0000	1.0500	166.8700
313200.0000	2.1900	203.2600
324000.0000	2.0100	196.6400
334800.0000	0.1790	70.6000
345600.0000	1.9900	3.7700
356400.0000	1.9700	358.2600
367200.0000	1.3800	2.7200
378000.0000	1.8700	44.1300
388800.0000	1.9700	306.7500
399600.0000	1.8200	238.0300
410400.0000	2.4600	143.2700
421200.0000	2.9600	77.6600
432000.0000	0.8970	28.5100
442800.0000	0.6320	77.7700
453600.0000	1.6400	37.0500
464400.0000	2.1500	30.5100
475200.0000	1.4000	325.9100
486000.0000	1.6000	200.1000
496800.0000	2.2200	160.2100
507600.0000	1.9600	141.0200
518400.0000	1.2200	330.4100
529200.0000	2.1100	281.4400
540000.0000	1.4900	243.8500
550800.0000	1.7600	221.7700
561600.0000	0.9360	277.8600
572400.0000	1.5800	219.0800
583200.0000	2.7600	82.4700
594000.0000	3.1800	91.8700
604800.0000	1.7400	100.8600
615600.0000	2.3900	82.1900
626400.0000	1.8000	58.9800
637200.0000	1.1100	31.7400
648000.0000	1.5100	24.1200
658800.0000	1.2000	134.2600
669600.0000	3.9500	140.5500
680400.0000	1.7600	117.8100
691200.0000	2.5800	239.2600
702000.0000	0.6100	281.0500
712800.0000	1.0700	5.7100
723600.0000	1.9800	47.4500
734400.0000	2.4500	6.0100
745200.0000	1.4500	7.0500
756000.0000	2.1600	139.8900
766800.0000	2.7000	100.9600
777600.0000	0.6130	153.5600
788400.0000	0.6040	13.6900
799200.0000	1.9700	5.0700
810000.0000	1.8300	14.1700
820800.0000	1.9200	0.8200
831600.0000	1.7900	310.7100
842400.0000	1.8900	211.1200
853200.0000	2.2700	108.9200
864000.0000	2.0400	61.3000
874800.0000	1.3600	20.8600
885600.0000	1.7900	358.8800
896400.0000	2.4800	355.6700
907200.0000	1.4300	57.7000
918000.0000	1.7900	47.4900
928800.0000	2.1000	151.6800
939600.0000	2.5500	141.2000
950400.0000	3.8400	41.2000
961200.0000	3.5500	345.2500
972000.0000	3.7200	273.3800
982800.0000	1.7600	350.0300
993600.0000	0.5850	25.2100
1004400.0000	4.0100	243.1800
1015200.0000	1.0100	61.9300
1026000.0000	1.5600	91.7000
1036800.0000	4.2200	210.0300
1047600.0000	0.4970	333.8500
1058400.0000	0.7020	324.0900
1069200.0000	1.2000	82.6700
1080000.0000	0.6250	342.7000
1090800.0000	2.8700	212.9200
1101600.0000	3.8700	192.5600
1112400.0000	1.9700	169.6600
1123200.0000	1.7300	50.6200
1134000.0000	1.6500	307.8400
1144800.0000	1.4200	295.5500
1155600.0000	0.8510	57.4300
1166400.0000	1.4300	13.2800
1177200.0000	2.7500	245.7600
1188000.0000	3.3800	194.0900
1198800.0000	2.3300	224.6500
1209600.0000	1.4900	265.1000
1220400.0000	2.0100	328.2100
1231200.0000	1.2700	311.5900
1242000.0000	0.4040	330.6400
1252800.0000	1.4900	105.1900
1263600.0000	0.9210	193.8900
1274400.0000	3.4400	196.6700
1285200.0000	1.4600	176.7600
1296000.0000	0.9240	156.1300
1306800.0000	0.4510	86.6600
1317600.0000	0.9930	8.8600
1328400.0000	1.1700	31.7100
1339200.0000	0.8470	317.4400
1350000.0000	1.6600	18.5200
1360800.0000	1.9200	55.4000
1371600.0000	1.6500	86.9100
1382400.0000	1.8400	67.5600
1393200.0000	1.5400	29.0200
1404000.0000	1.1500	337.6000
1414800.0000	0.7260	314.5500
1425600.0000	0.6780	26.5700
1436400.0000	0.3730	185.4200
1447200.0000	2.6100	150.8800
1458000.0000	2.0100	113.1200
1468800.0000	1.2800	144.6400
1479600.0000	1.3600	84.9200
1490400.0000	1.8400	33.0000
1501200.0000	2.0000	26.5700
1512000.0000	1.1300	6.4200
1522800.0000	1.6700	192.1500
1533600.0000	2.3000	149.9800
1544400.0000	3.1200	79.3600
1555200.0000	2.3200	32.5300
1566000.0000	2.4300	53.0400
1576800.0000	2.3400	43.4400
1587600.0000	2.5100	42.0900
1598400.0000	2.1000	53.5100
1609200.0000	1.3000	80.6800
1620000.0000	3.6400	109.0800
1630800.0000	4.7500	85.7200
1641600.0000	3.3800	71.8900
1652400.0000	3.1900	73.6800
1663200.0000	2.7700	46.6100
1674000.0000	2.8200	47.3000
1684800.0000	2.7600	45.0000
1695600.0000	1.7900	66.3900
1706400.0000	4.4900	98.9700
1717200.0000	5.4900	73.9400
1728000.0000	4.6400	67.4700
1738800.0000	4.4900	63.3800
1749600.0000	3.8100	58.8600
1760400.0000	3.6700	51.8500
1771200.0000	2.6500	21.5000
1782000.0000	2.2800	53.9400
1792800.0000	4.2700	84.5700
1803600.0000	5.6500	83.8200
1814400.0000	4.3700	71.4400
1825200.0000	3.5800	58.1300
1836000.0000	3.1500	49.8900
1846800.0000	2.5100	33.6300
1857600.0000	1.9900	22.5500
1868400.0000	2.3400	62.2300
1879200.0000	3.1900	107.9600
1890000.0000	3.7700	85.3900
1900800.0000	3.4500	72.3000
1911600.0000	2.8300	68.8800
1922400.0000	2.2100	56.2400
1933200.0000	2.6000	51.2400
1944000.0000	1.9200	25.0200
1954800.0000	0.8520	170.6800
1965600.0000	3.2400	143.6600
1976400.0000	2.9200	94.3000
1987200.0000	2.2800	78.6900
1998000.0000	0.7980	68.8400
2008800.0000	0.6520	265.5200
2019600.0000	1.8000	267.6700
2030400.0000	3.5100	263.2200
2041200.0000	5.8000	231.2300
2052000.0000	6.0300	223.3900
2062800.0000	5.4600	236.8000
2073600.0000	3.8000	267.2400
2084400.0000	4.3500	247.4400
2095200.0000	4.4600	243.0900
2106000.0000	3.5600	242.5700
2116800.0000	2.7900	239.3900
2127600.0000	3.7200	253.1200
2138400.0000	5.2500	229.0900
2149200.0000	4.0400	203.0100
2160000.0000	1.6000	194.7100
2170800.0000	1.8600	117.6100
2181600.0000	1.3700	16.5800
2192400.0000	1.4300	315.0000
2203200.0000	2.5200	293.6200
2214000.0000	4.2900	174.4500
2224800.0000	0.4090	354.2200
2235600.0000	1.7000	125.9300
2246400.0000	2.4400	92.7700
2257200.0000	2.0300	56.8600
2268000.0000	2.2300	40.8200
2278800.0000	2.1400	30.8700
2289600.0000	1.8500	20.1100
2300400.0000	2.0800	16.3000
2311200.0000	1.3100	114.7300
2322000.0000	2.2200	69.3200
2332800.0000	0.8340	50.1100
2343600.0000	0.5850	302.5800
2354400.0000	1.5500	329.2300
2365200.0000	1.6200	356.9500
2376000.0000	1.5200	295.3500
2386800.0000	2.3900	266.0800
2397600.0000	4.1700	208.8400
2408400.0000	2.6200	196.5300
2419200.0000	1.2300	263.7300
2430000.0000	1.7900	239.6100
2440800.0000	1.9000	245.4000
2451600.0000	1.5000	258.3200
2462400.0000	0.9970	229.7600
2473200.0000	3.2700	191.3600
2484000.0000	2.7500	210.1100
2494800.0000	1.8000	145.1600
2505600.0000	0.6240	130.8400
2516400.0000	0.9780	81.4700
2527200.0000	0.6860	51.0900
2538000.0000	0.0875	211.4900
2548800.0000	0.2890	159.8600
2559600.0000	2.0700	172.2500
2570400.0000	3.9400	144.8200
2581200.0000	3.3300	120.8800
2592000.0000	1.7100	84.7200
2602800.0000	1.2000	117.2900
2613600.0000	1.2700	9.9400
2624400.0000	0.8120	275.5300
2635200.0000	0.5520	323.4000
2646000.0000	0.8340	105.5000
2656800.0000	3.9900	140.6000
2667600.0000	3.2200	102.1100
2678400.0000	2.3800	66.5400
2689200.0000	1.9700	116.2800
2700000.0000	3.0100	53.2400
2710800.0000	2.2500	32.2800
2721600.0000	1.1900	26.9500
2732400.0000	1.4000	51.2100
2743200.0000	1.7500	141.9500
2754000.0000	2.7800	106.8400
2764800.0000	1.5700	50.7700
2775600.0000	1.5000	32.8000
2786400.0000	1.0000	358.8400
2797200.0000	1.3200	325.4700
2808000.0000	1.5400	309.9100
2818800.0000	2.2700	243.5500
2829600.0000	4.0800	210.8400
2840400.0000	2.7700	205.6400
2851200.0000	2.9000	256.6300
2862000.0000	4.0300	260.8500
2872800.0000	4.4600	256.6500
2883600.0000	4.1000	245.1900
2894400.0000	3.9400	220.6800
2905200.0000	4.1400	213.3800
2916000.0000	5.6200	207.8900
2926800.0000	4.6600	202.7100
2937600.0000	2.7400	202.5400
2948400.0000	2.9000	212.3200
2959200.0000	2.0500	236.9300
2970000.0000	2.5000	188.0100
2980800.0000	2.8700	173.2000
2991600.0000	3.4000	207.0900
3002400.0000	4.4400	203.1000
3013200.0000	4.9100	163.5600
3024000.0000	5.4100	160.5600
3034800.0000	4.1400	146.0400
3045600.0000	2.3900	115.4900
3056400.0000	2.6500	132.7100
3067200.0000	2.6700	113.8800
3078000.0000	4.0900	131.5300
3088800.0000	4.4700	125.5400
3099600.0000	3.5600	116.1300
3110400.0000	2.0500	88.6600
3121200.0000	1.5800	72.8500
3132000.0000	1.2400	52.0100
3142800.0000	1.1800	7.5900
3153600.0000	1.2100	344.1200
3164400.0000	1.6700	112.4100
3175200.0000	3.9500	111.2400
3186000.0000	4.9000	91.7400
3196800.0000	4.4700	78.2600
3207600.0000	3.6800	67.9700
3218400.0000	2.7900	44.8500
3229200.0000	1.8500	27.5300
3240000.0000	1.2900	352.3900
3250800.0000	0.5170	174.5600
3261600.0000	3.4500	142.7700
3272400.0000	2.6300	100.0300
3283200.0000	4.2500	72.8900
3294000.0000	3.5500	59.6700
3304800.0000	2.7200	47.9800
3315600.0000	3.0000	36.4500
3326400.0000	2.6500	15.2900
3337200.0000	1.4800	59.6700
3348000.0000	3.2700	113.4300
3358800.0000	4.4400	95.8600
3369600.0000	3.2400	88.9800
3380400.0000	2.4000	80.1200
3391200.0000	2.6000	65.2100
3402000.0000	1.7500	37.5900
3412800.0000	1.1100	15.6600
3423600.0000	0.6090	177.7200
3434400.0000	3.6000	155.0000
3445200.0000	5.1700	119.6900
3456000.0000	4.2400	105.4400